227.842310931,201.333700689,28.7036977615,0.0
227.412565904,357.402022784,28.7036977615,0.0
269.215590796,91.8066955129,28.7036977615,0.0
104.68216759,222.345526346,28.7036977615,0.0
313.697889284,221.851576929,28.7036977615,0.0
390.128603499,353.976238383,28.7036977615,0.0
360.333453058,153.220150727,28.7036977615,0.0
167.904927001,381.249915884,28.7036977615,0.0
315.332766809,402.897988378,28.7036977615,0.0
97.7548320715,415.137939937,28.7036977615,0.0
@ 10 10 0.1 0.0987382170595
198.995736341,215.892917847,28.4858170507,0.0
326.642990433,194.242130666,28.4858170507,0.0
412.337922221,312.032290548,28.4858170507,0.0
387.694768511,229.888697978,28.4858170507,0.0
383.080152666,447.37208109,28.4858170507,0.0
168.242626989,138.062410965,28.4858170507,0.0
270.601468917,257.500822639,28.4858170507,0.0
413.189958932,371.048329283,28.4858170507,0.0
131.007853283,58.5489750026,28.4858170507,0.0
45.3319033376,240.381444701,28.4858170507,0.0
@ 20 10 0.1 0.0972449249184
76.3399706988,426.526331778,28.7856468618,0.0
34.712766617,266.965148791,28.7856468618,0.0
411.379692588,233.68184528,28.7856468618,0.0
126.458182233,134.582466515,28.7856468618,0.0
466.32253275,206.423023221,28.7856468618,0.0
236.10363662,249.523070143,28.7856468618,0.0
207.829094611,150.998751483,28.7856468618,0.0
300.613440714,251.163436839,28.7856468618,0.0
317.164688849,61.4148732178,28.7856468618,0.0
351.49387102,406.315719432,28.7856468618,0.0
@ 30 10 0.1 0.0993028173943
405.068139398,354.066486434,29.2893693468,0.0
34.7127134119,207.787853672,29.2893693468,0.0
468.551885913,435.983687565,29.2893693468,0.0
180.098959234,408.557802314,29.2893693468,0.0
450.408824686,183.907739151,29.2893693468,0.0
404.370456337,50.5350960775,29.2893693468,0.0
294.613413583,34.0703853497,29.2893693468,0.0
110.856998011,184.618414691,29.2893693468,0.0
152.770041164,252.714921962,29.2893693468,0.0
343.315289662,238.216240589,29.2893693468,0.0
@ 40 10 0.1 0.102808642613
435.043731926,462.25215186,29.5209230394,0.0
162.335922893,393.045957824,29.5209230394,0.0
100.746758639,100.103348695,29.5209230394,0.0
276.251400124,205.444601234,29.5209230394,0.0
36.2807116553,459.544898935,29.5209230394,0.0
278.056931493,477.598438993,29.5209230394,0.0
473.690917199,251.233989849,29.5209230394,0.0
42.9369093725,332.71925626,29.5209230394,0.0
225.025003359,378.054222019,29.5209230394,0.0
198.007835005,481.103712539,29.5209230394,0.0
@ 50 10 0.1 0.104440621867
450.728212937,165.967863249,29.9175672795,0.0
440.532408193,41.6852607023,29.9175672795,0.0
426.389970802,371.657191068,29.9175672795,0.0
187.410041223,355.304895978,29.9175672795,0.0
339.345863536,369.046286848,29.9175672795,0.0
463.384950252,434.749835341,29.9175672795,0.0
195.122200693,86.7014614516,29.9175672795,0.0
188.464520069,272.947234665,29.9175672795,0.0
429.809744075,299.038236837,29.9175672795,0.0
122.057362125,87.1322193305,29.9175672795,0.0
@ 60 10 0.1 0.107266012534
415.340677483,369.323282698,30.1230015756,0.0
396.777378072,229.361740755,30.1230015756,0.0
182.581810072,449.817696215,30.1230015756,0.0
162.029093248,379.278964613,30.1230015756,0.0
179.567708995,297.53641056,30.1230015756,0.0
45.1772800133,182.200278273,30.1230015756,0.0
97.1431130841,446.888794946,30.1230015756,0.0
139.637031462,104.13653726,30.1230015756,0.0
134.963644568,36.0504218213,30.1230015756,0.0
433.023187672,179.546050383,30.1230015756,0.0
@ 70 10 0.1 0.108744192563
183.624490991,373.343644909,29.4793577891,0.0
420.627498451,128.650965269,29.4793577891,0.0
474.191028496,320.928247037,29.4793577891,0.0
121.812913779,377.523685336,29.4793577891,0.0
239.900041465,51.7313178873,29.4793577891,0.0
266.803738111,121.194305027,29.4793577891,0.0
288.258549487,329.922603381,29.4793577891,0.0
355.26010323,477.52526145,29.4793577891,0.0
195.83253633,455.953740191,29.4793577891,0.0
406.285600387,303.7401903,29.4793577891,0.0
@ 80 10 0.1 0.104146725605
440.065582372,328.227725981,29.232364656,0.0
55.0504135752,322.68061567,29.232364656,0.0
344.444404396,385.679356598,29.232364656,0.0
37.3960814617,205.641036165,29.232364656,0.0
193.560284497,100.139337411,29.232364656,0.0
411.872597705,276.9288856,29.232364656,0.0
131.509851273,432.063038246,29.232364656,0.0
62.0308665547,466.173226831,29.232364656,0.0
217.222390707,407.236851943,29.232364656,0.0
156.590977176,199.317665903,29.232364656,0.0
@ 90 10 0.1 0.102408847608
243.033169907,242.19826827,29.8419951521,0.0
70.5742567894,298.757197297,29.8419951521,0.0
480.793849447,214.180103905,29.8419951521,0.0
339.247569178,214.86615961,29.8419951521,0.0
186.561240872,385.430784686,29.8419951521,0.0
152.177257584,96.7987174213,29.8419951521,0.0
400.611400441,260.280680238,29.8419951521,0.0
192.220708812,163.512243403,29.8419951521,0.0
475.91368804,43.6124377224,29.8419951521,0.0
458.238512379,469.301292187,29.8419951521,0.0
@ 100 10 0.1 0.106724786547
302.522395007,449.262407427,29.7748997834,0.0
376.198114339,78.1557558041,29.7748997834,0.0
425.655710717,208.85788086,29.7748997834,0.0
41.9107269356,181.832474631,29.7748997834,0.0
184.79467365,80.244255102,29.7748997834,0.0
326.552897412,306.382136039,29.7748997834,0.0
215.869678248,446.219961402,29.7748997834,0.0
130.996481627,227.85490266,29.7748997834,0.0
447.935615402,441.608401694,29.7748997834,0.0
204.414882143,313.349829439,29.7748997834,0.0
@ 110 10 0.1 0.106245415853
256.687263433,394.582194489,29.3337588283,0.0
328.925172797,55.105258919,29.3337588283,0.0
304.708264481,323.986510609,29.3337588283,0.0
462.41428387,220.390712197,29.3337588283,0.0
270.200539696,267.584047989,29.3337588283,0.0
306.12652326,174.557509586,29.3337588283,0.0
178.318952416,433.26304695,29.3337588283,0.0
31.1625631782,262.675473319,29.3337588283,0.0
240.164991885,180.815604789,29.3337588283,0.0
72.462676657,67.0449170432,29.3337588283,0.0
@ 120 10 0.1 0.103120501874
438.300319621,149.081478948,29.6121113912,0.0
190.207621967,237.078590741,29.6121113912,0.0
35.2589301966,376.768233969,29.6121113912,0.0
238.140860554,354.207968385,29.6121113912,0.0
298.83890381,108.452601979,29.6121113912,0.0
212.087437439,473.819169754,29.6121113912,0.0
149.143087965,161.398483554,29.6121113912,0.0
244.491358661,281.051721761,29.6121113912,0.0
296.115582167,231.187101508,29.6121113912,0.0
373.962278018,346.843562979,29.6121113912,0.0
@ 130 10 0.1 0.105086839963
93.615893139,277.562990763,32.0146028032,0.0
51.6736070369,202.375856307,32.0146028032,0.0
221.037471569,94.3339480692,32.0146028032,0.0
128.205182134,94.6471986563,32.0146028032,0.0
159.823432923,288.341982392,32.0146028032,0.0
276.477028098,468.745651409,32.0146028032,0.0
106.696824288,477.610634329,32.0146028032,0.0
223.575794744,332.475792882,32.0146028032,0.0
354.061761588,360.823986135,32.0146028032,0.0
333.495105836,190.248580757,32.0146028032,0.0
@ 140 10 0.1 0.122830386934
360.742582931,129.919081887,32.1839857682,0.0
321.029667062,182.092178716,32.1839857682,0.0
334.241697482,352.365125214,32.1839857682,0.0
35.7474092145,239.777297884,32.1839857682,0.0
148.994387464,286.771272984,32.1839857682,0.0
427.638628259,440.556281274,32.1839857682,0.0
349.737894454,246.447823188,32.1839857682,0.0
183.563846779,363.428670353,32.1839857682,0.0
161.736119292,216.486821949,32.1839857682,0.0
233.344234237,438.635867275,32.1839857682,0.0
@ 150 10 0.1 0.1241335681
48.4540713837,343.501800818,32.6520579132,0.0
262.083392628,315.684933355,32.6520579132,0.0
166.047423779,348.021889984,32.6520579132,0.0
363.622762106,337.745480114,32.6520579132,0.0
476.262594785,343.298580593,32.6520579132,0.0
316.188394123,460.279971306,32.6520579132,0.0
161.173912737,461.473198516,32.6520579132,0.0
412.56873403,65.9387489195,32.6520579132,0.0
90.1830738287,157.371527038,32.6520579132,0.0
70.6465566832,256.473349278,32.6520579132,0.0
@ 160 10 0.1 0.127770531135
251.911390135,110.302657991,32.6792945988,0.0
304.856089257,405.372803258,32.6792945988,0.0
63.1834101542,376.828733869,32.6792945988,0.0
442.737713439,379.484502012,32.6792945988,0.0
170.706190573,49.8421536089,32.6792945988,0.0
329.113444126,149.693771268,32.6792945988,0.0
36.3249667234,276.17871062,32.6792945988,0.0
229.609228276,428.423191832,32.6792945988,0.0
45.8209776984,140.137040373,32.6792945988,0.0
384.552747645,199.537381548,32.6792945988,0.0
@ 170 10 0.1 0.127983779392
70.827649087,453.717978129,35.3284446697,0.0
335.424667538,102.03767039,35.3284446697,0.0
460.026478744,67.9528329071,35.3284446697,0.0
445.242932708,446.662232564,35.3284446697,0.0
73.2618050149,275.615860364,35.3284446697,0.0
255.574149422,238.088488921,35.3284446697,0.0
305.985637224,359.219815087,35.3284446697,0.0
148.304636201,169.175484993,35.3284446697,0.0
182.027596225,343.127823046,35.3284446697,0.0
52.6837561937,160.040382962,35.3284446697,0.0
@ 180 10 0.1 0.149574865194
105.443189001,88.2902244647,37.401249308,0.0
459.986410855,42.5624263219,37.401249308,0.0
221.054150588,221.854222753,37.401249308,0.0
318.827732643,284.084599631,37.401249308,0.0
430.39435736,437.784002778,37.401249308,0.0
242.840654801,400.44370939,37.401249308,0.0
372.989841947,208.357795142,37.401249308,0.0
80.6236065293,424.887211984,37.401249308,0.0
322.392465281,373.876984836,37.401249308,0.0
167.587179244,443.431937987,37.401249308,0.0
@ 190 10 0.1 0.16764160192
192.617842052,69.8996984467,36.9013111666,0.0
294.955127435,211.069711392,36.9013111666,0.0
391.948508214,168.261746731,36.9013111666,0.0
58.0724210483,366.28149802,36.9013111666,0.0
132.371946093,294.17822007,36.9013111666,0.0
454.892770832,59.7599870189,36.9013111666,0.0
318.558264823,112.157284595,36.9013111666,0.0
221.819618655,255.21439564,36.9013111666,0.0
467.328321151,287.651223447,36.9013111666,0.0
209.619819596,154.940839822,36.9013111666,0.0
@ 200 10 0.1 0.163189863526
203.393849161,305.771588435,37.0689608476,0.0
54.2934689053,57.9040922568,37.0689608476,0.0
340.504490366,462.960415596,37.0689608476,0.0
239.045859205,74.0318401155,37.0689608476,0.0
225.466498581,156.232279637,37.0689608476,0.0
70.9177688458,402.955392256,37.0689608476,0.0
412.444354937,165.494569634,37.0689608476,0.0
331.345559152,247.862163522,37.0689608476,0.0
392.79468577,401.389562392,37.0689608476,0.0
313.467150694,116.967261397,37.0689608476,0.0
@ 210 10 0.1 0.164676037088
424.143362684,39.5401815438,39.3545155301,0.0
235.905770411,395.289397275,39.3545155301,0.0
195.57103568,41.2369239822,39.3545155301,0.0
472.303683855,288.534089792,39.3545155301,0.0
132.192059391,243.53771845,39.3545155301,0.0
394.107543989,278.850825546,39.3545155301,0.0
148.765965516,143.957572509,39.3545155301,0.0
438.348971317,361.0383845,39.3545155301,0.0
274.276821127,90.2739390952,39.3545155301,0.0
386.135053601,444.851452442,39.3545155301,0.0
@ 220 10 0.1 0.185608869157
275.368595684,115.258913858,41.1422002515,0.0
73.3749113934,451.099380199,41.1422002515,0.0
361.148313592,448.559249933,41.1422002515,0.0
167.718288671,43.7194483154,41.1422002515,0.0
377.536108558,131.795219245,41.1422002515,0.0
364.289940656,49.5547298348,41.1422002515,0.0
222.116784064,426.226535034,41.1422002515,0.0
76.8910239632,342.914611034,41.1422002515,0.0
76.340661765,253.290706057,41.1422002515,0.0
105.340299996,149.578527452,41.1422002515,0.0
@ 230 10 0.1 0.202854483667
370.563898145,456.442900779,40.557555953,0.0
401.015748185,51.7462697814,40.557555953,0.0
92.7905143972,250.005617619,40.557555953,0.0
55.374303876,442.134271999,40.557555953,0.0
434.877770422,403.214332808,40.557555953,0.0
201.752462006,96.3687934928,40.557555953,0.0
338.638144959,362.885457148,40.557555953,0.0
252.399039858,390.295652514,40.557555953,0.0
136.455732285,430.915053552,40.557555953,0.0
449.941181697,291.973825776,40.557555953,0.0
@ 240 10 0.1 0.197130187925
144.377422689,386.721319871,36.8886020764,0.0
385.391249046,220.86942375,36.8886020764,0.0
64.3240827936,305.724512159,36.8886020764,0.0
189.657055217,472.572082553,36.8886020764,0.0
144.589724547,97.8724552944,36.8886020764,0.0
68.485248623,174.569414942,36.8886020764,0.0
367.084167089,108.168458119,36.8886020764,0.0
455.693138247,284.316093302,36.8886020764,0.0
362.060597769,415.731973306,36.8886020764,0.0
209.870721781,221.426696886,36.8886020764,0.0
@ 250 10 0.1 0.163077475241
147.483671625,133.658820573,34.2243934749,0.0
452.660455433,190.945531643,34.2243934749,0.0
187.27472696,202.228205864,34.2243934749,0.0
43.1461513329,477.046776784,34.2243934749,0.0
246.948407957,38.8158816582,34.2243934749,0.0
91.557826638,92.8693227062,34.2243934749,0.0
307.183762106,87.5475200865,34.2243934749,0.0
251.999983883,234.614353365,34.2243934749,0.0
164.775262408,296.934683248,34.2243934749,0.0
427.41696853,356.774495798,34.2243934749,0.0
@ 260 10 0.1 0.140372199359
79.946544619,95.6075453652,40.3090786741,0.0
404.697229622,357.432830765,40.3090786741,0.0
315.484984639,69.2718214882,40.3090786741,0.0
221.212967346,299.991651421,40.3090786741,0.0
242.187854281,438.849994346,40.3090786741,0.0
59.271271948,286.231200599,40.3090786741,0.0
163.173046744,202.588201602,40.3090786741,0.0
430.557930114,450.235675079,40.3090786741,0.0
321.915878254,406.395341475,40.3090786741,0.0
246.80121281,115.688090639,40.3090786741,0.0
@ 270 10 0.1 0.194722137171
123.104512973,45.9268526768,39.858417233,0.0
242.942208764,405.582480405,39.858417233,0.0
284.430684925,94.5025770929,39.858417233,0.0
451.470108593,84.7359143456,39.858417233,0.0
99.7604647466,402.138977177,39.858417233,0.0
364.29166209,165.645496257,39.858417233,0.0
329.980043837,350.597099556,39.858417233,0.0
142.919602945,183.376161803,39.858417233,0.0
424.61361311,230.699033721,39.858417233,0.0
73.5325147765,323.662180385,39.858417233,0.0
@ 280 10 0.1 0.19039243221
214.920573106,350.595596137,40.530258094,0.0
335.756162009,395.073525861,40.530258094,0.0
123.689573271,356.319041663,40.530258094,0.0
98.7768359906,57.7335898494,40.530258094,0.0
414.696030788,357.116326685,40.530258094,0.0
249.166824413,128.408110068,40.530258094,0.0
423.052285098,236.635301051,40.530258094,0.0
393.413264835,74.3428657486,40.530258094,0.0
133.970414731,206.866044455,40.530258094,0.0
56.674361918,310.137678793,40.530258094,0.0
@ 290 10 0.1 0.196864914489
130.222463933,232.401304909,42.4558900095,0.0
63.2348960007,364.620508982,42.4558900095,0.0
145.431833616,343.277467999,42.4558900095,0.0
270.907288986,109.413417491,42.4558900095,0.0
186.233980595,430.432010158,42.4558900095,0.0
436.570503837,203.88151607,42.4558900095,0.0
296.860282618,459.834334788,42.4558900095,0.0
53.6909466367,461.667644744,42.4558900095,0.0
44.3793274434,175.0541448,42.4558900095,0.0
454.222973987,421.672396844,42.4558900095,0.0
@ 300 10 0.1 0.216015782629
81.8915352702,385.215184545,42.1434327713,0.0
452.617624585,298.984318505,42.1434327713,0.0
338.69030132,456.970386187,42.1434327713,0.0
414.038176046,57.9302621274,42.1434327713,0.0
223.223298211,306.648326325,42.1434327713,0.0
450.48399417,396.977020309,42.1434327713,0.0
317.602509627,365.74062069,42.1434327713,0.0
256.835291775,165.61426198,42.1434327713,0.0
62.9883811926,209.597355951,42.1434327713,0.0
140.720058306,119.857481187,42.1434327713,0.0
@ 310 10 0.1 0.212847914751
86.3441803885,228.850905374,42.971996565,0.0
377.465908075,432.445864155,42.971996565,0.0
458.6705623,294.239159149,42.971996565,0.0
80.2081057831,87.5540922532,42.971996565,0.0
328.891029076,352.117175248,42.971996565,0.0
142.337076884,433.907274888,42.971996565,0.0
337.004421152,144.311455296,42.971996565,0.0
282.315926187,271.040175727,42.971996565,0.0
244.22888338,157.664870907,42.971996565,0.0
345.579104747,48.3127274554,42.971996565,0.0
@ 320 10 0.1 0.221299610017
337.228566247,94.6155678964,45.2570017019,0.0
163.157694101,144.635512641,45.2570017019,0.0
213.758731727,410.18493529,45.2570017019,0.0
463.597369552,426.786900862,45.2570017019,0.0
420.80981839,322.688877528,45.2570017019,0.0
285.849357641,315.234112824,45.2570017019,0.0
226.582741523,71.3635949009,45.2570017019,0.0
256.339028677,222.138637981,45.2570017019,0.0
60.9575296458,466.002068662,45.2570017019,0.0
50.4030035758,205.050331424,45.2570017019,0.0
@ 330 10 0.1 0.245460232144
464.552900402,106.760599859,46.3697292466,0.0
457.482559275,441.797076648,46.3697292466,0.0
74.9659777205,124.299271184,46.3697292466,0.0
234.995742001,217.016646572,46.3697292466,0.0
133.909187818,220.228647107,46.3697292466,0.0
129.197053683,372.042960555,46.3697292466,0.0
343.230800528,62.5596476917,46.3697292466,0.0
199.89649906,303.221715526,46.3697292466,0.0
220.459782681,409.185878246,46.3697292466,0.0
331.590295126,296.926085718,46.3697292466,0.0
@ 340 10 0.1 0.257678808717
281.465425568,391.353471102,44.4307742959,0.0
451.910806673,233.148327274,44.4307742959,0.0
234.087229316,297.481366381,44.4307742959,0.0
395.96073217,142.295488178,44.4307742959,0.0
358.210631052,440.780097211,44.4307742959,0.0
178.121392345,88.1779491657,44.4307742959,0.0
104.235612234,440.832013333,44.4307742959,0.0
343.063976367,279.389473864,44.4307742959,0.0
455.11858546,417.516140424,44.4307742959,0.0
302.521379003,51.9633276829,44.4307742959,0.0
@ 350 10 0.1 0.236579629564
384.663644134,47.1543965151,46.611192025,0.0
198.300850618,84.1735591441,46.611192025,0.0
152.140880766,172.129047673,46.611192025,0.0
432.994130098,436.666463201,46.611192025,0.0
54.4675971053,244.742588719,46.611192025,0.0
102.559557983,446.176526422,46.611192025,0.0
106.093433112,46.617007033,46.611192025,0.0
327.672860895,239.05109722,46.611192025,0.0
228.890286288,281.01542356,46.611192025,0.0
187.861831819,375.114931317,46.611192025,0.0
@ 360 10 0.1 0.2603694365
52.8055150598,450.891349306,48.8440400045,0.0
112.472014138,326.229317771,48.8440400045,0.0
362.734702181,161.115549362,48.8440400045,0.0
187.922011185,393.316569401,48.8440400045,0.0
117.09006986,55.9734328326,48.8440400045,0.0
286.658844155,238.607194315,48.8440400045,0.0
447.56328261,334.005810495,48.8440400045,0.0
286.747136858,341.253449199,48.8440400045,0.0
107.267918062,214.536103539,48.8440400045,0.0
400.690626228,433.79085112,48.8440400045,0.0
@ 370 10 0.1 0.285912234994
232.813104033,279.814220307,43.197409054,0.0
313.326938471,171.848265033,43.197409054,0.0
86.1925132486,57.9600044516,43.197409054,0.0
286.54283624,444.464869624,43.197409054,0.0
171.324084655,94.8709416991,43.197409054,0.0
439.18265141,257.960191879,43.197409054,0.0
408.781110829,132.53875389,43.197409054,0.0
457.185219792,48.6671296761,43.197409054,0.0
145.662706908,419.290624028,43.197409054,0.0
402.345049178,393.587824376,43.197409054,0.0
@ 380 10 0.1 0.223627383174
256.16561843,101.412911684,44.1108130238,0.0
417.937991234,236.195440101,44.1108130238,0.0
407.429153647,431.22593296,44.1108130238,0.0
94.1818200126,137.970779706,44.1108130238,0.0
331.425262873,273.787983374,44.1108130238,0.0
309.572174078,445.573951816,44.1108130238,0.0
372.278563915,117.618817671,44.1108130238,0.0
95.4468861111,386.842158399,44.1108130238,0.0
235.56539898,367.451775178,44.1108130238,0.0
253.789404639,211.950273531,44.1108130238,0.0
@ 390 10 0.1 0.233184516026
331.268405306,328.97496183,50.6686857857,0.0
96.6214960225,291.570575513,50.6686857857,0.0
257.69724864,117.510105485,50.6686857857,0.0
135.225419888,388.38977214,50.6686857857,0.0
434.74359346,302.948112716,50.6686857857,0.0
231.529774176,266.540083788,50.6686857857,0.0
155.407299921,161.638710393,50.6686857857,0.0
50.9299366893,161.102548536,50.6686857857,0.0
393.110262542,179.732487206,50.6686857857,0.0
327.900431749,435.653959056,50.6686857857,0.0
@ 400 10 0.1 0.307672629946
438.688284708,438.607626242,50.437091968,0.0
336.453591944,234.644584866,50.437091968,0.0
74.7077925792,114.348355827,50.437091968,0.0
204.859976154,127.708093869,50.437091968,0.0
214.412099614,320.927208631,50.437091968,0.0
454.09620777,107.766727567,50.437091968,0.0
186.996038131,461.074212028,50.437091968,0.0
73.0584544167,279.860262478,50.437091968,0.0
397.869914475,317.980424561,50.437091968,0.0
331.560691449,84.3880202947,50.437091968,0.0
@ 410 10 0.1 0.304866469362
415.499963505,140.125721916,50.1760083588,0.0
276.370387007,408.102517825,50.1760083588,0.0
161.981109032,120.186265998,50.1760083588,0.0
56.3780925013,409.301512317,50.1760083588,0.0
177.874461387,262.808820216,50.1760083588,0.0
281.917304299,240.898160151,50.1760083588,0.0
64.4057997994,263.244955995,50.1760083588,0.0
400.542352522,422.984388631,50.1760083588,0.0
452.825576478,296.813101644,50.1760083588,0.0
158.909447843,416.146545064,50.1760083588,0.0
@ 420 10 0.1 0.301718404126
436.528845221,389.789530143,45.2038369202,0.0
196.434996932,299.556169122,45.2038369202,0.0
46.4559385109,294.742235207,45.2038369202,0.0
95.2501355393,54.1775112066,45.2038369202,0.0
246.848709711,222.854341585,45.2038369202,0.0
361.532698047,254.30182219,45.2038369202,0.0
389.107139366,91.6980981624,45.2038369202,0.0
262.319718492,76.0644588736,45.2038369202,0.0
304.445101723,451.738426634,45.2038369202,0.0
117.819391785,199.569741098,45.2038369202,0.0
@ 430 10 0.1 0.244883871619
71.5790491487,273.226911929,49.8377442328,0.0
338.69300027,76.0547599036,49.8377442328,0.0
441.754389417,54.8701545017,49.8377442328,0.0
233.679974641,274.010373769,49.8377442328,0.0
440.506568753,442.850731302,49.8377442328,0.0
448.059579473,312.304507615,49.8377442328,0.0
131.595804723,60.494947043,49.8377442328,0.0
56.6669124834,457.760593483,49.8377442328,0.0
90.5082147011,155.749416895,49.8377442328,0.0
236.993133025,381.211967574,49.8377442328,0.0
@ 440 10 0.1 0.29766401668
161.513921127,452.555217688,55.0787826967,0.0
340.59275927,77.461943916,55.0787826967,0.0
180.209080267,316.144442613,55.0787826967,0.0
63.0601117681,233.412235835,55.0787826967,0.0
95.4224517031,65.0683046817,55.0787826967,0.0
331.387726683,424.913445042,55.0787826967,0.0
452.742047728,371.232002587,55.0787826967,0.0
325.848228956,276.83443315,55.0787826967,0.0
63.8767453947,376.538781122,55.0787826967,0.0
196.812948405,115.852173959,55.0787826967,0.0
@ 450 10 0.1 0.363561804638
377.183276888,422.43926649,44.3073888739,0.0
130.216355827,53.9497738018,44.3073888739,0.0
414.116524524,47.9797964654,44.3073888739,0.0
461.334480044,466.118417051,44.3073888739,0.0
216.758407085,228.052322895,44.3073888739,0.0
45.9872859349,447.218187479,44.3073888739,0.0
381.062173284,240.507676559,44.3073888739,0.0
148.841655699,371.148871574,44.3073888739,0.0
292.151234387,176.40823292,44.3073888739,0.0
119.696494473,280.545947161,44.3073888739,0.0
@ 460 10 0.1 0.235267478401
131.217539734,357.725732398,46.1466104221,0.0
106.269883533,463.784146863,46.1466104221,0.0
445.004091947,410.788653227,46.1466104221,0.0
274.558731879,69.3359135351,46.1466104221,0.0
464.12166274,100.904958487,46.1466104221,0.0
293.80816003,284.264547042,46.1466104221,0.0
213.035418826,411.556361929,46.1466104221,0.0
406.022110882,290.452549057,46.1466104221,0.0
262.209920358,188.859681739,46.1466104221,0.0
73.740031062,80.0514771353,46.1466104221,0.0
@ 470 10 0.1 0.255205010688
229.870049641,228.325415704,46.5693426932,0.0
188.062161002,130.486566336,46.5693426932,0.0
302.549890829,369.885273062,46.5693426932,0.0
433.678797013,459.875766527,46.5693426932,0.0
451.997436284,218.636591111,46.5693426932,0.0
188.113555647,326.253253955,46.5693426932,0.0
290.220780136,154.995326897,46.5693426932,0.0
94.5053570835,454.349019211,46.5693426932,0.0
92.7553621888,73.0664229871,46.5693426932,0.0
93.0782660914,174.655891976,46.5693426932,0.0
@ 480 10 0.1 0.259902106877
337.364485188,287.500046397,48.8624847736,0.0
151.731061041,61.7568667351,48.8624847736,0.0
96.6135728514,153.649538081,48.8624847736,0.0
107.671193182,453.865888277,48.8624847736,0.0
239.448532598,327.115098865,48.8624847736,0.0
131.01078263,310.658791334,48.8624847736,0.0
443.021827352,460.771039322,48.8624847736,0.0
380.730858342,377.188240619,48.8624847736,0.0
249.131586651,456.64776185,48.8624847736,0.0
398.960073626,93.8321090739,48.8624847736,0.0
@ 490 10 0.1 0.286128211432
225.643692952,186.670334029,45.2172028726,0.0
123.980059247,166.571511844,45.2172028726,0.0
279.362887585,417.324492216,45.2172028726,0.0
150.217011813,73.0465354174,45.2172028726,0.0
329.251383334,313.196375088,45.2172028726,0.0
206.949573292,321.197073424,45.2172028726,0.0
100.376128343,386.246504001,45.2172028726,0.0
441.499022093,66.4068943601,45.2172028726,0.0
447.819270655,304.449384669,45.2172028726,0.0
390.142127704,230.176440245,45.2172028726,0.0
@ 500 10 0.1 0.245028708443
440.154397076,258.898955304,50.7709080432,0.0
190.880308366,402.970960814,50.7709080432,0.0
131.18955684,309.189536447,50.7709080432,0.0
95.9425121729,156.022302065,50.7709080432,0.0
403.516444694,450.32663767,50.7709080432,0.0
337.699427781,359.482516022,50.7709080432,0.0
260.515454608,79.7639173934,50.7709080432,0.0
79.6350630092,431.095521696,50.7709080432,0.0
58.6420339267,57.844220984,50.7709080432,0.0
292.423367058,229.770707592,50.7709080432,0.0
@ 510 10 0.1 0.308915319229
72.8126959206,98.6164928669,54.7277065345,0.0
263.995276697,182.478350275,54.7277065345,0.0
194.254609318,393.868019269,54.7277065345,0.0
418.246679913,324.847043374,54.7277065345,0.0
187.051481048,64.1818491007,54.7277065345,0.0
277.215691945,309.371344221,54.7277065345,0.0
68.2053766077,223.735457504,54.7277065345,0.0
316.592044759,424.815532609,54.7277065345,0.0
441.87056849,451.57607012,54.7277065345,0.0
427.56166779,172.724604618,54.7277065345,0.0
@ 520 10 0.1 0.358941837009
138.82837603,377.909832328,49.8600657374,0.0
339.110648283,458.072041541,49.8600657374,0.0
187.601796982,66.4986753899,49.8600657374,0.0
456.404847602,417.183302531,49.8600657374,0.0
349.020665514,189.672122431,49.8600657374,0.0
248.213841099,399.247799239,49.8600657374,0.0
119.407641062,228.084907294,49.8600657374,0.0
54.6456467869,455.951803189,49.8600657374,0.0
399.65764651,291.831663892,49.8600657374,0.0
445.717391365,161.712287451,49.8600657374,0.0
@ 530 10 0.1 0.29793071401
162.34904603,119.805995775,48.3487955052,0.0
297.08875826,183.626984039,48.3487955052,0.0
237.205554799,449.076330329,48.3487955052,0.0
65.0911602675,411.909577936,48.3487955052,0.0
462.72915337,421.024282378,48.3487955052,0.0
58.8029052432,65.6813238384,48.3487955052,0.0
181.226412347,331.840665396,48.3487955052,0.0
304.35850334,316.338263423,48.3487955052,0.0
49.2673775776,240.114478834,48.3487955052,0.0
396.161111649,194.226674799,48.3487955052,0.0
@ 540 10 0.1 0.280143727026
115.085346013,144.37674013,43.862626237,0.0
170.943209869,420.859961228,43.862626237,0.0
180.351367865,57.3845471046,43.862626237,0.0
428.156150985,186.385623053,43.862626237,0.0
457.634457161,78.9727203565,43.862626237,0.0
84.3308257916,435.174691512,43.862626237,0.0
318.258851855,111.79758287,43.862626237,0.0
387.693246116,357.17988802,43.862626237,0.0
294.453284236,409.680326279,43.862626237,0.0
194.006114375,308.906343029,43.862626237,0.0
@ 550 10 0.1 0.230567901121
92.141417295,378.438783229,43.611331158,0.0
299.508963309,106.289596915,43.611331158,0.0
364.727390666,183.548324459,43.611331158,0.0
275.733579178,374.719906635,43.611331158,0.0
47.439745765,121.09659045,43.611331158,0.0
141.095143547,54.4007172461,43.611331158,0.0
389.431705104,76.397731792,43.611331158,0.0
439.27429846,280.229348348,43.611331158,0.0
264.219001224,245.450759104,43.611331158,0.0
382.364156082,347.955680768,43.611331158,0.0
@ 560 10 0.1 0.227933557988
285.069585609,248.014745327,46.077422581,0.0
258.901145648,70.8378806554,46.077422581,0.0
389.325392574,265.060598822,46.077422581,0.0
76.3989178719,414.600100073,46.077422581,0.0
442.541088686,67.5088574768,46.077422581,0.0
370.378453585,431.580183108,46.077422581,0.0
236.202699055,437.193573703,46.077422581,0.0
208.883940317,335.668986809,46.077422581,0.0
67.9362065943,64.0781548552,46.077422581,0.0
108.778607647,158.23092558,46.077422581,0.0
@ 570 10 0.1 0.254440324099
315.677481775,94.0117835155,54.260704635,0.0
92.9756326779,142.981727444,54.260704635,0.0
199.770978626,123.251043695,54.260704635,0.0
96.6366265264,256.525741364,54.260704635,0.0
176.978854752,454.894020967,54.260704635,0.0
431.285513263,96.2451263057,54.260704635,0.0
356.773573575,235.103256664,54.260704635,0.0
248.911962532,350.570627432,54.260704635,0.0
245.844299597,234.940973337,54.260704635,0.0
359.472274985,444.527731108,54.260704635,0.0
@ 580 10 0.1 0.352842135933
265.430951424,322.299933698,47.4416424253,0.0
180.157566362,426.115888095,47.4416424253,0.0
302.078502287,422.79511586,47.4416424253,0.0
427.90224808,440.000161894,47.4416424253,0.0
330.14294295,178.564586014,47.4416424253,0.0
458.841900474,260.303131913,47.4416424253,0.0
356.408769235,278.858314166,47.4416424253,0.0
218.199419428,175.834141308,47.4416424253,0.0
460.627364775,128.310214982,47.4416424253,0.0
113.225214822,320.059619315,47.4416424253,0.0
@ 590 10 0.1 0.269729852946
457.429672848,264.945680391,43.347373122,0.0
203.219009887,446.688848237,43.347373122,0.0
267.657481903,182.603565178,43.347373122,0.0
44.70628796,238.158467003,43.347373122,0.0
117.259832602,72.3528844635,43.347373122,0.0
250.251534137,50.193191549,43.347373122,0.0
306.502418119,349.338700088,43.347373122,0.0
64.9555346385,456.682045531,43.347373122,0.0
133.826606106,325.321010159,43.347373122,0.0
374.448471802,145.845925989,43.347373122,0.0
@ 600 10 0.1 0.225182767384
158.161262569,61.8340002527,50.6102748732,0.0
312.440167259,99.6447695404,50.6102748732,0.0
459.210696506,381.359184964,50.6102748732,0.0
67.915688403,196.038660068,50.6102748732,0.0
102.927434438,413.717046401,50.6102748732,0.0
417.475723294,106.855733296,50.6102748732,0.0
404.812947564,216.475836166,50.6102748732,0.0
170.322835772,271.965666118,50.6102748732,0.0
241.081774523,391.207429277,50.6102748732,0.0
338.861419097,417.674511034,50.6102748732,0.0
@ 610 10 0.1 0.306963668186
393.739723512,380.914221577,42.789264816,0.0
415.828302477,283.228705152,42.789264816,0.0
408.866865247,468.119269923,42.789264816,0.0
72.6172353995,404.773999385,42.789264816,0.0
241.200250859,455.243851678,42.789264816,0.0
433.366921045,120.3278207,42.789264816,0.0
176.319257958,324.872999461,42.789264816,0.0
306.442031228,287.828395562,42.789264816,0.0
194.664694215,136.770093931,42.789264816,0.0
106.559232446,149.00130012,42.789264816,0.0
@ 620 10 0.1 0.219421527133
459.267782376,322.831787645,50.327869528,0.0
350.584289634,271.160068579,50.327869528,0.0
304.711356704,372.048611754,50.327869528,0.0
408.57728546,121.214367964,50.327869528,0.0
232.237857892,233.149756039,50.327869528,0.0
202.259316795,439.626875334,50.327869528,0.0
297.62001262,61.7923592769,50.327869528,0.0
433.136515345,430.619828314,50.327869528,0.0
89.0124239294,460.250175981,50.327869528,0.0
101.652112042,170.762104766,50.327869528,0.0
@ 630 10 0.1 0.303547511254
296.382291937,62.2509215848,47.1216703991,0.0
181.133087711,404.047407156,47.1216703991,0.0
168.528326451,173.550579736,47.1216703991,0.0
319.095676921,413.258252065,47.1216703991,0.0
343.707000877,201.289685253,47.1216703991,0.0
431.920469877,462.24203896,47.1216703991,0.0
97.5681282235,91.1063171918,47.1216703991,0.0
47.640275334,422.159694747,47.1216703991,0.0
435.348180157,250.612659696,47.1216703991,0.0
137.858591069,296.049644507,47.1216703991,0.0
@ 640 10 0.1 0.266103715399
237.507677349,339.791696151,48.1197535521,0.0
201.213659086,193.659522757,48.1197535521,0.0
265.588887775,451.832619225,48.1197535521,0.0
48.1845060605,314.950049971,48.1197535521,0.0
103.349273531,193.321722867,48.1197535521,0.0
452.085490887,447.837378298,48.1197535521,0.0
354.832873242,411.343068688,48.1197535521,0.0
195.432987217,53.166559259,48.1197535521,0.0
414.156238603,201.093561445,48.1197535521,0.0
73.8087722194,94.392687318,48.1197535521,0.0
@ 650 10 0.1 0.277495773437
61.7336055982,299.773814045,46.9182609698,0.0
361.976273619,77.2688530436,46.9182609698,0.0
214.955369535,423.298062078,46.9182609698,0.0
172.842567422,189.757047543,46.9182609698,0.0
408.061545672,164.955790612,46.9182609698,0.0
266.934039829,78.3030927827,46.9182609698,0.0
428.960765489,264.801915365,46.9182609698,0.0
443.761646403,454.348815456,46.9182609698,0.0
85.450001927,453.702698215,46.9182609698,0.0
169.491289596,314.640353697,46.9182609698,0.0
@ 660 10 0.1 0.26381130184
432.575398012,168.158530719,48.4749251155,0.0
93.5776739598,407.530113193,48.4749251155,0.0
328.016838518,445.46880353,48.4749251155,0.0
215.198914379,401.203828648,48.4749251155,0.0
417.421851963,331.166730431,48.4749251155,0.0
352.744989633,104.177353899,48.4749251155,0.0
116.01499361,312.035063922,48.4749251155,0.0
276.699889374,217.712588107,48.4749251155,0.0
134.052753807,60.9196131203,48.4749251155,0.0
300.056061253,321.167629183,48.4749251155,0.0
@ 670 10 0.1 0.281607279859
96.4456383418,280.958614667,38.0097991375,0.0
317.747229359,382.313951629,38.0097991375,0.0
233.393784371,452.336803351,38.0097991375,0.0
367.610838237,168.461900389,38.0097991375,0.0
447.685931219,129.031045269,38.0097991375,0.0
263.392282412,136.428476627,38.0097991375,0.0
443.722254046,343.535963475,38.0097991375,0.0
184.719394417,42.4517056713,38.0097991375,0.0
210.964026606,378.539472272,38.0097991375,0.0
126.141009516,357.703952882,38.0097991375,0.0
@ 680 10 0.1 0.173141323546
115.676017575,184.555375387,45.627672053,0.0
420.680231672,131.598670403,45.627672053,0.0
369.100820228,437.756622045,45.627672053,0.0
194.468765731,137.47199383,45.627672053,0.0
323.889962781,49.8837438527,45.627672053,0.0
388.955564805,344.016530033,45.627672053,0.0
95.2068885157,346.809807486,45.627672053,0.0
315.100352712,186.797115077,45.627672053,0.0
139.992470337,452.165114604,45.627672053,0.0
208.465668401,308.731157736,45.627672053,0.0
@ 690 10 0.1 0.249497504852
363.165476766,215.671114857,45.6359151644,0.0
121.935733585,448.758512751,45.6359151644,0.0
224.844584253,448.783836598,45.6359151644,0.0
109.995438919,279.572927332,45.6359151644,0.0
215.340002138,163.273799932,45.6359151644,0.0
216.97021905,330.197348198,45.6359151644,0.0
395.188833709,348.053125844,45.6359151644,0.0
58.1070863463,136.969740912,45.6359151644,0.0
425.838669139,87.7433926667,45.6359151644,0.0
380.053854982,454.413565185,45.6359151644,0.0
@ 700 10 0.1 0.24958766161
433.774421414,439.300243053,44.8546473879,0.0
212.3006318,73.3995684248,44.8546473879,0.0
92.7252275857,48.435790623,44.8546473879,0.0
439.751627935,329.752200228,44.8546473879,0.0
245.98253281,352.217544443,44.8546473879,0.0
432.616872387,184.885322119,44.8546473879,0.0
85.7760416285,319.184790403,44.8546473879,0.0
448.470099133,48.5203896475,44.8546473879,0.0
221.450605425,236.534881394,44.8546473879,0.0
332.258012876,178.422815685,44.8546473879,0.0
@ 710 10 0.1 0.24111513807
254.175158664,152.519175468,47.3064848016,0.0
339.190336792,254.065394896,47.3064848016,0.0
339.247215408,442.449919951,47.3064848016,0.0
52.8304861046,136.057724174,47.3064848016,0.0
156.332966908,357.09628956,47.3064848016,0.0
104.327221433,233.81652857,47.3064848016,0.0
347.763173469,52.5506233452,47.3064848016,0.0
442.787143278,243.104336039,47.3064848016,0.0
456.386629528,50.4833320243,47.3064848016,0.0
167.495457585,63.3759924226,47.3064848016,0.0
@ 720 10 0.1 0.268195162584
267.674116089,406.902679805,51.9888230494,0.0
344.363768015,233.215757928,51.9888230494,0.0
457.315293196,359.001186302,51.9888230494,0.0
319.89070295,119.058123919,51.9888230494,0.0
167.959409073,91.9118447945,51.9888230494,0.0
450.943249487,245.089787377,51.9888230494,0.0
148.50957319,396.654214334,51.9888230494,0.0
58.0752174498,298.809169577,51.9888230494,0.0
211.854731271,294.048004248,51.9888230494,0.0
109.491541197,204.022041156,51.9888230494,0.0
@ 730 10 0.1 0.32391387784
346.157441404,386.738250585,42.7922196887,0.0
50.053786662,354.268970081,42.7922196887,0.0
164.372737883,126.136847065,42.7922196887,0.0
435.020734891,409.182692155,42.7922196887,0.0
63.6719646838,100.792101584,42.7922196887,0.0
219.63551333,242.393083665,42.7922196887,0.0
208.717312078,329.879540461,42.7922196887,0.0
57.6958387955,244.2901597,42.7922196887,0.0
457.556300279,85.200487661,42.7922196887,0.0
336.004685051,117.040819672,42.7922196887,0.0
@ 740 10 0.1 0.219451833101
173.587540483,401.64885681,44.0542242016,0.0
364.194541562,153.687253954,44.0542242016,0.0
199.446516088,121.475728832,44.0542242016,0.0
69.521030474,277.539982761,44.0542242016,0.0
347.789053136,283.684864901,44.0542242016,0.0
53.1382658055,433.923782187,44.0542242016,0.0
439.331020623,63.3363163175,44.0542242016,0.0
51.7224742918,66.9955562815,44.0542242016,0.0
467.350675257,353.336151316,44.0542242016,0.0
285.606203501,403.269187643,44.0542242016,0.0
@ 750 10 0.1 0.232586604901
49.4874621594,47.7687679302,45.6094203427,0.0
335.692615627,404.445174799,45.6094203427,0.0
237.254639759,450.293467004,45.6094203427,0.0
219.740255081,219.437700374,45.6094203427,0.0
91.7114269939,362.398765167,45.6094203427,0.0
226.508505434,47.5363156239,45.6094203427,0.0
422.874463655,99.6441715132,45.6094203427,0.0
329.984778504,153.761720118,45.6094203427,0.0
101.107599014,203.635727779,45.6094203427,0.0
414.191711251,196.44760433,45.6094203427,0.0
@ 760 10 0.1 0.249297939755
333.27642341,140.040640247,46.3983448603,0.0
246.487868614,321.926372845,46.3983448603,0.0
80.2364786268,204.056278803,46.3983448603,0.0
229.776955241,171.573280067,46.3983448603,0.0
191.172026418,408.327471383,46.3983448603,0.0
430.999771662,142.03632054,46.3983448603,0.0
462.093893459,451.385905184,46.3983448603,0.0
304.02970112,425.167358809,46.3983448603,0.0
141.120424622,131.943855194,46.3983448603,0.0
50.6586882398,419.277327265,46.3983448603,0.0
@ 770 10 0.1 0.257996943524
458.727454296,365.850843336,44.4112009198,0.0
46.0142092147,278.97774654,44.4112009198,0.0
52.7096945545,94.1691108411,44.4112009198,0.0
287.899731464,343.125384558,44.4112009198,0.0
193.255264758,45.5544363478,44.4112009198,0.0
167.634469776,413.865396925,44.4112009198,0.0
198.487244403,190.18707751,44.4112009198,0.0
414.94993289,200.657885695,44.4112009198,0.0
125.952180114,335.17790042,44.4112009198,0.0
319.525410296,129.170499701,44.4112009198,0.0
@ 780 10 0.1 0.236371231571
68.8645696203,468.764490873,42.6496503597,0.0
435.798613054,440.1456554,42.6496503597,0.0
308.552533672,42.8786968843,42.6496503597,0.0
414.556542839,73.9706667795,42.6496503597,0.0
142.144972594,155.225320409,42.6496503597,0.0
348.711759031,397.416869247,42.6496503597,0.0
323.49890338,171.965008042,42.6496503597,0.0
275.106311091,353.661114938,42.6496503597,0.0
86.3654691556,330.636955756,42.6496503597,0.0
410.513047669,319.122241481,42.6496503597,0.0
@ 790 10 0.1 0.21799198915
357.830061742,242.856231826,44.9474658285,0.0
377.447190424,148.531529283,44.9474658285,0.0
460.047129455,244.440983843,44.9474658285,0.0
258.863815229,302.272944479,44.9474658285,0.0
110.232063717,265.146832034,44.9474658285,0.0
168.41847807,463.466393079,44.9474658285,0.0
232.380865755,103.492746169,44.9474658285,0.0
402.382517835,424.713459655,44.9474658285,0.0
97.0295213634,121.178549106,44.9474658285,0.0
52.0199981771,383.673507722,44.9474658285,0.0
@ 800 10 0.1 0.24211405738
62.8894783608,182.007244876,44.2683988597,0.0
253.728186824,212.290078286,44.2683988597,0.0
303.646489815,136.820741807,44.2683988597,0.0
117.844298248,407.180863925,44.2683988597,0.0
262.866968609,51.252084322,44.2683988597,0.0
460.107677332,289.997003213,44.2683988597,0.0
344.94833167,446.685987697,44.2683988597,0.0
85.5627978126,290.804890271,44.2683988597,0.0
175.65842529,77.3080137498,44.2683988597,0.0
359.71384968,277.706513587,44.2683988597,0.0
@ 810 10 0.1 0.234853595008
252.807331019,69.6316545357,46.2807561346,0.0
398.243752859,124.010750372,46.2807561346,0.0
308.757701214,387.133444244,46.2807561346,0.0
135.380583299,103.061309529,46.2807561346,0.0
279.200486114,276.674201781,46.2807561346,0.0
459.499277767,381.063672799,46.2807561346,0.0
110.874858841,431.897121338,46.2807561346,0.0
180.657221608,265.780041907,46.2807561346,0.0
297.462759124,165.660510502,46.2807561346,0.0
58.6615626957,271.619075041,46.2807561346,0.0
@ 820 10 0.1 0.256690901713
351.148885539,321.529748757,44.6043402366,0.0
88.3230887377,376.696080591,44.6043402366,0.0
380.477108017,467.038910857,44.6043402366,0.0
463.809981546,254.674190836,44.6043402366,0.0
462.459654208,114.931143563,44.6043402366,0.0
221.998588707,294.314762622,44.6043402366,0.0
234.696337093,176.804715668,44.6043402366,0.0
371.53025785,87.8854673667,44.6043402366,0.0
170.405478562,67.2184942348,44.6043402366,0.0
49.8035723905,245.990169819,44.6043402366,0.0
@ 830 10 0.1 0.238431605809
414.643251954,233.851025444,45.7622070555,0.0
110.409374706,235.798390056,45.7622070555,0.0
191.407090581,68.5668792507,45.7622070555,0.0
458.39252124,151.485881182,45.7622070555,0.0
305.315030591,175.079939995,45.7622070555,0.0
51.9357417731,130.772017493,45.7622070555,0.0
209.590374406,386.897036713,45.7622070555,0.0
357.041311727,345.299483052,45.7622070555,0.0
233.527606147,280.20464681,45.7622070555,0.0
351.561848274,66.4138550088,45.7622070555,0.0
@ 840 10 0.1 0.250970980552
131.066531626,253.445049458,52.3156478087,0.0
258.684528324,235.810167014,52.3156478087,0.0
245.09362928,380.209394861,52.3156478087,0.0
432.763756029,323.001321412,52.3156478087,0.0
361.926088484,440.683057065,52.3156478087,0.0
318.529578632,59.1217227806,52.3156478087,0.0
394.795327512,140.108786733,52.3156478087,0.0
56.8530692074,440.595800703,52.3156478087,0.0
175.030334022,144.227323408,52.3156478087,0.0
71.8764273535,111.791155863,52.3156478087,0.0
@ 850 10 0.1 0.327999210802
68.3791373954,253.920645395,54.3155520102,0.0
117.121688218,71.9883655717,54.3155520102,0.0
418.012294015,259.832191093,54.3155520102,0.0
375.092548033,369.274955996,54.3155520102,0.0
196.04626685,306.220976976,54.3155520102,0.0
323.622832224,73.2298340257,54.3155520102,0.0
69.1754461579,362.562626978,54.3155520102,0.0
290.57315633,198.758961939,54.3155520102,0.0
431.669896702,123.428494189,54.3155520102,0.0
245.608973028,436.590151694,54.3155520102,0.0
@ 860 10 0.1 0.353555810626
290.85418917,168.813610522,44.6709076512,0.0
276.387983734,367.73004126,44.6709076512,0.0
459.261868216,288.910876113,44.6709076512,0.0
425.805164792,65.6001454329,44.6709076512,0.0
369.056484794,401.329679012,44.6709076512,0.0
148.446729397,196.935076498,44.6709076512,0.0
114.482310738,414.986747522,44.6709076512,0.0
46.6513956779,75.7271344637,44.6709076512,0.0
458.920458985,438.95007059,44.6709076512,0.0
355.645348418,232.164751593,44.6709076512,0.0
@ 870 10 0.1 0.239143806415
112.939098193,398.449115526,49.2870547552,0.0
285.258435787,59.924524322,49.2870547552,0.0
427.433470361,383.430902568,49.2870547552,0.0
63.436869717,189.023775613,49.2870547552,0.0
222.18482238,201.027236893,49.2870547552,0.0
273.082321901,413.745214871,49.2870547552,0.0
375.809527717,287.877405554,49.2870547552,0.0
340.351368758,150.325180225,49.2870547552,0.0
196.571523519,335.708118104,49.2870547552,0.0
442.682373895,180.97150239,49.2870547552,0.0
@ 880 10 0.1 0.291122195301
118.890208666,285.978934019,49.7359703709,0.0
198.484589375,109.040826085,49.7359703709,0.0
429.744391164,399.479184011,49.7359703709,0.0
401.312653281,70.9951316321,49.7359703709,0.0
390.886904022,242.015357826,49.7359703709,0.0
305.400783775,100.484389385,49.7359703709,0.0
267.761743829,197.943956147,49.7359703709,0.0
69.1136312877,96.1902993949,49.7359703709,0.0
240.245578205,398.170869041,49.7359703709,0.0
65.1360272581,433.103162827,49.7359703709,0.0
@ 890 10 0.1 0.296449536177
54.9636306523,336.880233232,48.1557159125,0.0
337.74090967,282.781919122,48.1557159125,0.0
396.836602935,65.3366827016,48.1557159125,0.0
137.373164318,155.701799511,48.1557159125,0.0
138.670260555,263.527471581,48.1557159125,0.0
84.0187219552,440.283903504,48.1557159125,0.0
381.855930534,397.591401868,48.1557159125,0.0
441.848096196,251.964742078,48.1557159125,0.0
239.086235469,252.070081458,48.1557159125,0.0
270.83882634,400.201210181,48.1557159125,0.0
@ 900 10 0.1 0.277910702082
72.601522071,427.870302841,50.6337097354,0.0
455.547593607,165.248404161,50.6337097354,0.0
435.632467792,59.688975939,50.6337097354,0.0
199.479306611,70.9982962788,50.6337097354,0.0
237.247779408,265.514639441,50.6337097354,0.0
348.378920517,204.966934082,50.6337097354,0.0
235.547677341,417.191133286,50.6337097354,0.0
375.668914098,336.801515472,50.6337097354,0.0
59.4832090632,110.657321748,50.6337097354,0.0
418.684723506,435.277494606,50.6337097354,0.0
@ 910 10 0.1 0.307248010318
226.422888015,181.185705273,41.6614976987,0.0
351.742708808,219.595380343,41.6614976987,0.0
177.212724356,379.469503591,41.6614976987,0.0
335.815513116,100.200807212,41.6614976987,0.0
420.489283517,105.668786696,41.6614976987,0.0
42.6542585548,211.933641494,41.6614976987,0.0
116.29485317,315.20680412,41.6614976987,0.0
330.880450151,468.391710651,41.6614976987,0.0
107.333950503,141.289402196,41.6614976987,0.0
451.721010971,302.530641179,41.6614976987,0.0
@ 920 10 0.1 0.208007665939
195.587775184,424.592881015,47.1523691779,0.0
334.09754457,418.986028457,47.1523691779,0.0
93.5981202678,333.591462509,47.1523691779,0.0
261.973293697,92.8424600923,47.1523691779,0.0
350.864825457,145.056838016,47.1523691779,0.0
337.713164027,313.100542716,47.1523691779,0.0
463.810746217,278.92728708,47.1523691779,0.0
50.6572738897,464.514741384,47.1523691779,0.0
122.762097308,183.207285035,47.1523691779,0.0
451.228132096,463.456271341,47.1523691779,0.0
@ 930 10 0.1 0.266450550306
355.7958086,281.261991909,41.942717657,0.0
329.451330855,65.7761791651,41.942717657,0.0
207.742483455,89.6972466482,41.942717657,0.0
132.088326808,149.545876878,41.942717657,0.0
228.069308468,440.86834329,41.942717657,0.0
202.111656032,285.256285143,41.942717657,0.0
456.237055928,145.131546211,41.942717657,0.0
393.446799688,411.149516249,41.942717657,0.0
316.503774327,187.790351929,41.942717657,0.0
130.592337566,333.320669086,41.942717657,0.0
@ 940 10 0.1 0.210825295524
389.675395441,291.257093969,46.703768957,0.0
414.025257116,57.4750395214,46.703768957,0.0
156.824493742,50.5716845656,46.703768957,0.0
242.923150334,411.883898828,46.703768957,0.0
364.705011654,138.617814903,46.703768957,0.0
55.489021142,392.849925837,46.703768957,0.0
215.621148513,151.930277991,46.703768957,0.0
103.842628048,128.274657378,46.703768957,0.0
55.7940223226,298.274202721,46.703768957,0.0
317.004879122,225.516858568,46.703768957,0.0
@ 950 10 0.1 0.26140473038
280.608354138,51.6564491104,44.4161716609,0.0
75.2831074387,77.2914719464,44.4161716609,0.0
338.851687677,243.264535561,44.4161716609,0.0
217.701458485,396.202179842,44.4161716609,0.0
451.016299579,402.621586085,44.4161716609,0.0
122.539470245,312.02056785,44.4161716609,0.0
442.952441735,166.354844808,44.4161716609,0.0
180.944266007,234.719657211,44.4161716609,0.0
283.878753778,151.331570682,44.4161716609,0.0
82.9674915015,176.644696489,44.4161716609,0.0
@ 960 10 0.1 0.236424146418
230.378390271,328.669052854,45.6691882094,0.0
343.070010828,339.186460815,45.6691882094,0.0
426.783661937,414.122971939,45.6691882094,0.0
433.814952109,77.7506337967,45.6691882094,0.0
288.009953128,127.875564976,45.6691882094,0.0
294.005770398,256.262244744,45.6691882094,0.0
100.097115227,269.847933278,45.6691882094,0.0
307.105111757,443.833916236,45.6691882094,0.0
112.869880569,73.4798186419,45.6691882094,0.0
196.997297493,147.349601037,45.6691882094,0.0
@ 970 10 0.1 0.249951741914
86.0900203195,362.603230438,49.9135157958,0.0
305.628191491,60.8433208548,49.9135157958,0.0
314.923198254,289.670702158,49.9135157958,0.0
233.688747699,445.661310479,49.9135157958,0.0
446.99522909,85.844167757,49.9135157958,0.0
168.521908203,222.401327586,49.9135157958,0.0
407.949399176,207.360592735,49.9135157958,0.0
355.999695916,419.823756662,49.9135157958,0.0
60.4354308611,264.353415737,49.9135157958,0.0
190.467867366,118.450811868,49.9135157958,0.0
@ 980 10 0.1 0.298569820651
251.260148901,57.1854578719,42.1286392308,0.0
76.8180464516,433.900473072,42.1286392308,0.0
162.300524049,150.330268426,42.1286392308,0.0
287.725746386,360.048232651,42.1286392308,0.0
87.6758576161,318.290443946,42.1286392308,0.0
349.790724292,462.063342637,42.1286392308,0.0
371.071452224,346.476796778,42.1286392308,0.0
419.874048111,53.0045772899,42.1286392308,0.0
435.278329178,447.54549141,42.1286392308,0.0
162.570588698,405.056659259,42.1286392308,0.0
@ 990 10 0.1 0.212698509665
239.59417193,337.580022271,48.7363353481,0.0
104.656649784,70.1233957596,48.7363353481,0.0
262.913352912,234.861368758,48.7363353481,0.0
321.973585979,123.069146811,48.7363353481,0.0
116.026877655,396.087833765,48.7363353481,0.0
436.681279824,73.242448503,48.7363353481,0.0
53.1389006736,231.435444335,48.7363353481,0.0
365.984540517,224.167582365,48.7363353481,0.0
228.959000886,444.567024132,48.7363353481,0.0
462.0869301,315.888945749,48.7363353481,0.0
@ 1000 10 0.1 0.284652710702
223.394395587,303.248927772,42.1695889691,0.0
398.148181835,223.30204185,42.1695889691,0.0
91.7322986009,111.530254041,42.1695889691,0.0
198.073852795,44.0058888151,42.1695889691,0.0
404.93465235,434.454561005,42.1695889691,0.0
159.349863114,461.019012394,42.1695889691,0.0
419.897669277,133.044486125,42.1695889691,0.0
80.0033493196,398.895836375,42.1695889691,0.0
463.801721851,53.385051826,42.1695889691,0.0
301.861255458,161.328052478,42.1695889691,0.0
@ 1010 10 0.1 0.213112203607
384.507707914,109.996527869,46.7388364425,0.0
463.116534439,219.30658744,46.7388364425,0.0
179.189057557,202.130510787,46.7388364425,0.0
115.77729022,457.355100803,46.7388364425,0.0
367.197177731,214.870069396,46.7388364425,0.0
292.294542375,273.539554229,46.7388364425,0.0
425.398672908,337.285517771,46.7388364425,0.0
94.3421274017,153.853651163,46.7388364425,0.0
279.749018953,159.19174013,46.7388364425,0.0
234.717931758,413.312429143,46.7388364425,0.0
@ 1020 10 0.1 0.261797428795
291.744261791,148.854792663,43.2247779961,0.0
62.4727217987,357.403205499,43.2247779961,0.0
352.976756623,245.569173876,43.2247779961,0.0
262.400772789,61.2162203445,43.2247779961,0.0
128.062321336,53.2020501489,43.2247779961,0.0
455.363401397,60.9348738144,43.2247779961,0.0
230.119804747,351.585466214,43.2247779961,0.0
144.62869556,163.339655591,43.2247779961,0.0
231.498328091,227.880322528,43.2247779961,0.0
415.894450287,425.235434236,43.2247779961,0.0
@ 1030 10 0.1 0.223910843869
99.1468937352,440.621052963,43.0884796251,0.0
397.670315259,372.949971981,43.0884796251,0.0
56.4509728821,356.614852102,43.0884796251,0.0
175.601401582,378.558581327,43.0884796251,0.0
302.680248468,180.079819632,43.0884796251,0.0
162.887557455,81.6093178213,43.0884796251,0.0
426.089707518,109.322749536,43.0884796251,0.0
247.972298285,325.449584947,43.0884796251,0.0
393.259295781,256.526449642,43.0884796251,0.0
275.356070335,95.3381807528,43.0884796251,0.0
@ 1040 10 0.1 0.222500978129
276.634690909,84.3517797687,47.9660467817,0.0
122.320724669,292.688591942,47.9660467817,0.0
445.083092618,48.0485677287,47.9660467817,0.0
459.986640725,463.932435144,47.9660467817,0.0
183.632527461,166.684363647,47.9660467817,0.0
457.6570346,173.967525387,47.9660467817,0.0
263.824631584,258.924868813,47.9660467817,0.0
400.147318013,288.63436563,47.9660467817,0.0
352.855278433,171.202474596,47.9660467817,0.0
250.766631501,391.454654893,47.9660467817,0.0
@ 1050 10 0.1 0.275725820196
408.575489965,281.0483945,40.6086722036,0.0
195.963585752,185.740934915,40.6086722036,0.0
268.445275237,462.7406737,40.6086722036,0.0
454.47307993,197.688947412,40.6086722036,0.0
105.385552273,46.0076885461,40.6086722036,0.0
372.497059087,451.179230187,40.6086722036,0.0
102.816555862,135.72970069,40.6086722036,0.0
176.474938345,387.131565945,40.6086722036,0.0
271.606174563,313.396184141,40.6086722036,0.0
302.915589536,131.633454787,40.6086722036,0.0
@ 1060 10 0.1 0.1976274026
345.019185616,148.133455558,52.7098888976,0.0
81.0725615147,287.069397211,52.7098888976,0.0
204.342277688,244.563806863,52.7098888976,0.0
299.710581027,353.636231848,52.7098888976,0.0
148.147314564,448.440827822,52.7098888976,0.0
418.460272798,233.742210112,52.7098888976,0.0
264.651886599,69.3997559153,52.7098888976,0.0
430.906541622,84.7525937772,52.7098888976,0.0
427.502439079,386.558481119,52.7098888976,0.0
116.083296824,169.352592287,52.7098888976,0.0
@ 1070 10 0.1 0.332961320708
428.661840493,66.029679089,42.3233722573,0.0
234.777151839,442.702816441,42.3233722573,0.0
324.707483176,284.169890638,42.3233722573,0.0
187.31488221,341.727984328,42.3233722573,0.0
439.690227373,249.061319777,42.3233722573,0.0
153.454455935,145.405871392,42.3233722573,0.0
105.181549407,368.225421942,42.3233722573,0.0
344.501775709,451.290431958,42.3233722573,0.0
375.296400321,192.083501609,42.3233722573,0.0
298.20127995,112.117839977,42.3233722573,0.0
@ 1080 10 0.1 0.214669385187
409.684050937,73.3488977338,47.2825392493,0.0
183.844871428,220.638545591,47.2825392493,0.0
347.662923254,395.941276183,47.2825392493,0.0
117.76668302,98.2640826968,47.2825392493,0.0
322.696473909,299.706033394,47.2825392493,0.0
452.327766135,355.815506129,47.2825392493,0.0
100.518836158,426.492649639,47.2825392493,0.0
273.128333663,461.68530339,47.2825392493,0.0
51.3054875417,223.565524057,47.2825392493,0.0
237.108375265,347.624613648,47.2825392493,0.0
@ 1090 10 0.1 0.267923721745
465.217661687,266.246044528,46.2899647723,0.0
391.572787172,169.682547929,46.2899647723,0.0
429.924157329,361.126853863,46.2899647723,0.0
453.753158128,64.2349254424,46.2899647723,0.0
57.6406473242,338.574426347,46.2899647723,0.0
139.807678846,190.920862579,46.2899647723,0.0
104.734312174,425.137552598,46.2899647723,0.0
344.390471249,82.9368338477,46.2899647723,0.0
183.850314147,275.402425165,46.2899647723,0.0
251.374523555,186.526132,46.2899647723,0.0
@ 1100 10 0.1 0.25679306118
100.922997135,64.860493116,39.7754578564,0.0
313.860404578,121.417619296,39.7754578564,0.0
178.6585277,442.749394643,39.7754578564,0.0
119.091156166,380.146212683,39.7754578564,0.0
51.2818315455,338.091737987,39.7754578564,0.0
396.873825282,270.122965705,39.7754578564,0.0
263.624891371,336.995724584,39.7754578564,0.0
193.288151639,257.725696472,39.7754578564,0.0
441.507792417,463.50676072,39.7754578564,0.0
387.058736219,49.8789422276,39.7754578564,0.0
@ 1110 10 0.1 0.189600709844
179.872076015,127.663406423,40.9962969011,0.0
293.028149741,368.455816405,40.9962969011,0.0
392.122869635,467.403342914,40.9962969011,0.0
55.1496786688,185.520884162,40.9962969011,0.0
285.059064337,250.517897974,40.9962969011,0.0
441.908551808,302.666684267,40.9962969011,0.0
84.7009291931,381.962561737,40.9962969011,0.0
193.547893335,356.944019681,40.9962969011,0.0
416.038718695,179.518723563,40.9962969011,0.0
81.6777571324,278.974802506,40.9962969011,0.0
@ 1120 10 0.1 0.20141826158
381.366664053,56.7875024809,43.676025789,0.0
253.030009263,48.5499026408,43.676025789,0.0
90.5587831342,241.644442748,43.676025789,0.0
278.870924255,311.642323415,43.676025789,0.0
446.600717069,329.026583634,43.676025789,0.0
216.561288941,386.579118266,43.676025789,0.0
77.0025313548,137.003252793,43.676025789,0.0
272.184655153,183.082833417,43.676025789,0.0
179.54719054,225.817834575,43.676025789,0.0
72.8197656557,449.576212452,43.676025789,0.0
@ 1130 10 0.1 0.228610309395
408.376256591,247.040359753,40.2347098619,0.0
430.653411283,150.440923269,40.2347098619,0.0
328.378514399,197.527839358,40.2347098619,0.0
337.308009295,288.634588332,40.2347098619,0.0
75.6739919968,172.855324917,40.2347098619,0.0
76.1797973673,305.159836923,40.2347098619,0.0
244.26763037,258.200309283,40.2347098619,0.0
179.686154684,99.0192783419,40.2347098619,0.0
438.420495378,417.416230913,40.2347098619,0.0
192.024602388,378.234275447,40.2347098619,0.0
@ 1140 10 0.1 0.194004289191
73.9167783063,431.5627625,42.1570489805,0.0
62.451723433,56.632929984,42.1570489805,0.0
236.30768365,94.5087512516,42.1570489805,0.0
121.331006121,157.851767225,42.1570489805,0.0
168.608083837,380.511012639,42.1570489805,0.0
415.942474935,139.408730474,42.1570489805,0.0
360.458368448,354.012232995,42.1570489805,0.0
265.205469466,378.847627254,42.1570489805,0.0
87.2690760581,245.750866849,42.1570489805,0.0
440.961308321,405.228893759,42.1570489805,0.0
@ 1150 10 0.1 0.212985475919
292.58582809,72.7807163634,44.9769588136,0.0
255.750385304,218.859950855,44.9769588136,0.0
431.197929168,222.593107504,44.9769588136,0.0
61.4670774679,266.770631099,44.9769588136,0.0
135.797597274,61.381367237,44.9769588136,0.0
404.821453756,427.15445585,44.9769588136,0.0
81.00052329,140.333324066,44.9769588136,0.0
196.863204495,380.871910619,44.9769588136,0.0
291.157573965,364.232798006,44.9769588136,0.0
433.033388234,341.655849701,44.9769588136,0.0
@ 1160 10 0.1 0.2424318955
343.226076101,116.186814184,43.0830386102,0.0
80.3716916787,229.733779182,43.0830386102,0.0
209.10409604,187.001396879,43.0830386102,0.0
450.71939775,278.95910043,43.0830386102,0.0
299.860592226,437.705289664,43.0830386102,0.0
354.444978755,302.786357626,43.0830386102,0.0
201.369346474,86.9240986145,43.0830386102,0.0
432.507597552,104.289414235,43.0830386102,0.0
191.160035507,360.173410001,43.0830386102,0.0
397.656505602,206.32019466,43.0830386102,0.0
@ 1170 10 0.1 0.222444788878
420.2621386,450.661262281,50.1228683512,0.0
381.638537005,225.375040399,50.1228683512,0.0
176.191513066,454.705378232,50.1228683512,0.0
265.059103981,179.029943206,50.1228683512,0.0
103.8420793,372.316872529,50.1228683512,0.0
460.115214353,327.159653305,50.1228683512,0.0
401.044100327,87.4933256831,50.1228683512,0.0
135.236996072,59.5471672809,50.1228683512,0.0
248.774023263,308.38244531,50.1228683512,0.0
294.333628874,417.157203337,50.1228683512,0.0
@ 1180 10 0.1 0.301079659491
140.49800414,311.396774273,40.3735154214,0.0
264.77916723,265.947230778,40.3735154214,0.0
294.257637194,48.0015933535,40.3735154214,0.0
312.214650704,133.420301192,40.3735154214,0.0
148.348706107,465.991171936,40.3735154214,0.0
102.539749317,391.847484463,40.3735154214,0.0
396.708662672,407.612525612,40.3735154214,0.0
202.095830423,377.265772112,40.3735154214,0.0
217.37360522,143.856803364,40.3735154214,0.0
106.236593155,56.2547923265,40.3735154214,0.0
@ 1190 10 0.1 0.195345187381
72.0403117893,428.659548595,46.6737128922,0.0
149.556359321,160.59989117,46.6737128922,0.0
411.45709332,127.075146647,46.6737128922,0.0
190.451102861,264.308576258,46.6737128922,0.0
325.61966743,228.908629301,46.6737128922,0.0
255.33146655,372.216499669,46.6737128922,0.0
445.395279999,312.706497869,46.6737128922,0.0
83.5609780663,60.6198799474,46.6737128922,0.0
50.0194162939,249.302788331,46.6737128922,0.0
112.345261867,325.169670041,46.6737128922,0.0
@ 1200 10 0.1 0.261068386244
285.464245795,412.986948048,41.3634313268,0.0
460.761259631,362.993238667,41.3634313268,0.0
186.438093288,331.15921017,41.3634313268,0.0
191.527712001,420.088557369,41.3634313268,0.0
327.174659378,231.379459899,41.3634313268,0.0
107.096755555,104.544361055,41.3634313268,0.0
220.963272464,180.268818589,41.3634313268,0.0
42.9591227291,453.069073317,41.3634313268,0.0
347.387765463,79.2755586177,41.3634313268,0.0
429.720533737,216.886846485,41.3634313268,0.0
@ 1210 10 0.1 0.205041939573
459.428552712,227.610521221,47.648374353,0.0
215.594708336,160.665594243,47.648374353,0.0
280.367360979,463.627342811,47.648374353,0.0
276.371809319,300.41171446,47.648374353,0.0
382.148436761,304.936394652,47.648374353,0.0
162.721678923,304.97907613,47.648374353,0.0
148.969118501,453.454791696,47.648374353,0.0
60.5654806976,123.371960911,47.648374353,0.0
359.120063472,145.574498739,47.648374353,0.0
175.81313746,64.3894464297,47.648374353,0.0
@ 1220 10 0.1 0.272085726962
92.1693455961,430.618063394,46.0464796124,0.0
322.77329541,165.162019934,46.0464796124,0.0
204.874445539,463.497595185,46.0464796124,0.0
259.11642465,296.38210614,46.0464796124,0.0
76.9419052769,98.2097183884,46.0464796124,0.0
374.161103904,287.852262203,46.0464796124,0.0
428.773357548,394.819740943,46.0464796124,0.0
125.716745195,203.993319087,46.0464796124,0.0
436.103416935,80.5887628503,46.0464796124,0.0
304.658470344,417.083937714,46.0464796124,0.0
@ 1230 10 0.1 0.254098703629
396.077760959,337.270981635,42.7661952816,0.0
87.3497416594,44.7062616773,42.7661952816,0.0
252.864886529,283.551198046,42.7661952816,0.0
174.943128954,116.148122368,42.7661952816,0.0
346.491891329,167.007515579,42.7661952816,0.0
162.24644193,241.779241177,42.7661952816,0.0
239.167137241,410.433823165,42.7661952816,0.0
441.259777991,46.7296261073,42.7661952816,0.0
308.870740216,54.9505709056,42.7661952816,0.0
95.5513022189,399.787416088,42.7661952816,0.0
@ 1240 10 0.1 0.219184991734
116.216242654,346.683877221,47.4274042794,0.0
263.9598175,200.50839861,47.4274042794,0.0
276.703383369,337.165552534,47.4274042794,0.0
49.8831062528,252.440518292,47.4274042794,0.0
397.071732526,184.471600567,47.4274042794,0.0
402.492208383,408.289765919,47.4274042794,0.0
54.5394675684,134.567926475,47.4274042794,0.0
162.776682666,53.3768156821,47.4274042794,0.0
390.233079301,291.978767027,47.4274042794,0.0
206.905835584,437.213654196,47.4274042794,0.0
@ 1250 10 0.1 0.269567975047
384.350177108,187.039248776,40.8000576311,0.0
84.2705052017,89.3974448586,40.8000576311,0.0
303.423039336,90.9936557171,40.8000576311,0.0
468.193215919,390.326742416,40.8000576311,0.0
219.530716887,374.908732957,40.8000576311,0.0
279.243608382,186.097557076,40.8000576311,0.0
393.502666484,298.956125581,40.8000576311,0.0
470.772605937,121.487931837,40.8000576311,0.0
111.613769701,387.617151974,40.8000576311,0.0
122.996634812,233.270798207,40.8000576311,0.0
@ 1260 10 0.1 0.19949459654
336.176080452,337.493817538,43.4949739546,0.0
456.332940824,391.012557738,43.4949739546,0.0
232.530875683,80.0534101622,43.4949739546,0.0
231.419681528,182.511134701,43.4949739546,0.0
273.12129598,398.480288878,43.4949739546,0.0
374.528629045,440.368963405,43.4949739546,0.0
98.2780253628,78.929888341,43.4949739546,0.0
87.5570451286,261.786634581,43.4949739546,0.0
121.751173707,175.253327815,43.4949739546,0.0
401.590683393,147.906480683,43.4949739546,0.0
@ 1270 10 0.1 0.226718904363
208.016246175,75.583938516,44.6001668382,0.0
336.517056006,127.482366408,44.6001668382,0.0
340.133500799,347.525196536,44.6001668382,0.0
261.739130612,457.489067124,44.6001668382,0.0
142.288002257,156.116946451,44.6001668382,0.0
104.641573156,248.458948074,44.6001668382,0.0
100.558190949,421.163746826,44.6001668382,0.0
427.167705214,171.899886677,44.6001668382,0.0
46.6999337155,96.7160251335,44.6001668382,0.0
411.394672195,289.484458491,44.6001668382,0.0
@ 1280 10 0.1 0.238386990262
312.434671652,92.0293827771,49.314156952,0.0
202.884206263,155.118718734,49.314156952,0.0
344.115481841,419.841727875,49.314156952,0.0
90.0541218243,70.8120324535,49.314156952,0.0
438.662361578,224.590689914,49.314156952,0.0
98.0034850316,360.007246179,49.314156952,0.0
285.612459787,315.838165546,49.314156952,0.0
89.7122003105,255.837788472,49.314156952,0.0
414.943244194,339.9311689,49.314156952,0.0
229.131211338,461.377420515,49.314156952,0.0
@ 1290 10 0.1 0.291442450606
68.634138233,208.685217061,39.5594719228,0.0
400.742907937,355.787814296,39.5594719228,0.0
171.150135943,115.038057021,39.5594719228,0.0
275.153884308,381.038717632,39.5594719228,0.0
414.323137494,118.047132325,39.5594719228,0.0
375.45092428,214.087602337,39.5594719228,0.0
136.450708984,394.165234345,39.5594719228,0.0
100.53485293,314.111868629,39.5594719228,0.0
235.13238769,219.634205269,39.5594719228,0.0
459.854037723,289.336556833,39.5594719228,0.0
@ 1300 10 0.1 0.187547187213
172.132176686,432.579395763,43.3488100232,0.0
87.5033825264,358.804861775,43.3488100232,0.0
429.251420566,65.3680257437,43.3488100232,0.0
54.5101037296,71.7504019392,43.3488100232,0.0
336.872863963,438.416327966,43.3488100232,0.0
56.5436758986,258.940792218,43.3488100232,0.0
293.678889411,346.035922356,43.3488100232,0.0
347.084362423,272.070159082,43.3488100232,0.0
278.677860702,74.2488114098,43.3488100232,0.0
155.998870252,142.193478934,43.3488100232,0.0
@ 1310 10 0.1 0.225197696582
240.42919281,57.5467814779,42.1144587163,0.0
257.799372151,339.599114302,42.1144587163,0.0
52.3466037245,62.2872332865,42.1144587163,0.0
353.948554649,63.896078774,42.1144587163,0.0
462.977398735,177.799656023,42.1144587163,0.0
432.866493818,313.41274484,42.1144587163,0.0
155.673991092,175.577108875,42.1144587163,0.0
113.682480658,272.924196327,42.1144587163,0.0
301.742065121,226.336858,42.1144587163,0.0
358.854887081,159.284685886,42.1144587163,0.0
@ 1320 10 0.1 0.212555344981
52.6783233109,312.269385586,39.5053012523,0.0
81.1514103663,462.620747107,39.5053012523,0.0
119.383079294,221.287383171,39.5053012523,0.0
402.764720187,471.033726811,39.5053012523,0.0
168.0753517,142.454523939,39.5053012523,0.0
148.002605712,311.267669167,39.5053012523,0.0
183.407805425,402.122102623,39.5053012523,0.0
324.694795687,136.920778863,39.5053012523,0.0
448.451180834,374.729783187,39.5053012523,0.0
297.242031903,296.143786345,39.5053012523,0.0
@ 1330 10 0.1 0.187033904278
165.028331001,193.507271529,49.7313900892,0.0
290.013865236,415.939096123,49.7313900892,0.0
63.9596172193,412.220866574,49.7313900892,0.0
407.639313099,217.204670746,49.7313900892,0.0
116.557779176,305.92723172,49.7313900892,0.0
180.712927,73.1799440445,49.7313900892,0.0
383.78175167,327.267514978,49.7313900892,0.0
172.986423365,448.295034979,49.7313900892,0.0
451.054930755,414.094154335,49.7313900892,0.0
227.774087608,321.262305773,49.7313900892,0.0
@ 1340 10 0.1 0.296394937469
223.927540676,193.793378513,45.587015854,0.0
353.912987003,312.214570295,45.587015854,0.0
141.349978385,95.8798427775,45.587015854,0.0
435.171718507,165.533658424,45.587015854,0.0
101.989798276,262.161746891,45.587015854,0.0
231.376349962,68.0262788995,45.587015854,0.0
378.307226602,411.607585713,45.587015854,0.0
117.246660557,457.207722634,45.587015854,0.0
453.776035951,287.564454765,45.587015854,0.0
269.797049111,426.92923684,45.587015854,0.0
@ 1350 10 0.1 0.249053077138
279.872976445,279.819665671,41.9731271632,0.0
435.401793307,184.976896914,41.9731271632,0.0
240.62484239,455.046381784,41.9731271632,0.0
121.461584252,346.869946648,41.9731271632,0.0
324.154978422,417.065548539,41.9731271632,0.0
159.463337292,259.810717855,41.9731271632,0.0
452.280756865,368.373195523,41.9731271632,0.0
466.024197564,65.8108938238,41.9731271632,0.0
316.99960475,118.996478745,41.9731271632,0.0
85.4722178638,143.283406946,41.9731271632,0.0
@ 1360 10 0.1 0.211131113439
2072.29037476,915.729259643,nan,0.0
901.530092829,253.769131031,nan,0.0
729.008656972,-938.654139099,nan,0.0
2341.93543196,-1299.29263918,nan,0.0
395.945553999,-782.633148667,nan,0.0
976.055174499,186.050567703,nan,0.0
1814.67012064,-844.17528745,nan,0.0
1509.49622687,377.319821622,nan,0.0
1762.00752912,-66.2899842404,nan,0.0
-1754.3215283,-220.82656812,nan,0.0
@ 1370 10 0.1 nan
-8417.04608322,-3098.57442756,nan,0.0
5327.25079221,-2087.44838931,nan,0.0
6432.94452875,-1023.50385978,nan,0.0
5076.09589229,-3438.73364869,nan,0.0
6069.79024139,-1780.88797327,nan,0.0
3459.18197344,1089.99856833,nan,0.0
522.483630687,-937.58025321,nan,0.0
1705.45658042,8017.67964739,nan,0.0
7849.1552115,-4804.59210911,nan,0.0
-5375.34935099,577.850054625,nan,0.0
@ 1380 10 0.1 nan
5107.97996556,1967.26169798,nan,0.0
4410.04957219,6200.77817031,nan,0.0
13286.3098639,755.979058978,nan,0.0
6060.38365335,4820.76327423,nan,0.0
7637.88844727,3655.96582834,nan,0.0
9065.68299719,4283.96669016,nan,0.0
-2610.20522651,3421.00697421,nan,0.0
1999.37982015,4980.59630983,nan,0.0
11477.9662524,-6675.37650166,nan,0.0
-4155.42052904,1322.47710468,nan,0.0
@ 1390 10 0.1 nan
4437.290031,2330.51959348,nan,0.0
5324.24847707,7378.59139573,nan,0.0
14508.9975896,10498.7041518,nan,0.0
5348.43880751,10572.3189291,nan,0.0
3492.03363563,1636.15660389,nan,0.0
17102.4072471,5789.69321268,nan,0.0
-11324.6935797,19510.8599863,nan,0.0
3644.78126186,-1143.65366425,nan,0.0
23329.0017737,-5434.08466684,nan,0.0
5876.63318128,-1190.58427133,nan,0.0
@ 1400 10 0.1 nan
-10982.0607611,-4860.97203735,nan,0.0
10103.4506247,5356.85012027,nan,0.0
2207.30949597,9221.91083992,nan,0.0
12746.6799016,5252.11325503,nan,0.0
8771.60180016,556.005999222,nan,0.0
18844.2916856,8036.58034022,nan,0.0
-9171.55857373,14625.8349078,nan,0.0
-1012.98899172,-9755.4237617,nan,0.0
20233.0047696,-10259.0580027,nan,0.0
-916.374302427,-3342.22158629,nan,0.0
@ 1410 10 0.1 nan
3382.43426759,1954.74358548,nan,0.0
4400.84988856,5206.38692553,nan,0.0
996.426976396,3951.25769103,nan,0.0
13228.243757,6255.93766569,nan,0.0
-1632.97815718,-1424.06894243,nan,0.0
32074.5624818,6678.46739776,nan,0.0
-3958.75018398,17487.0014416,nan,0.0
-9133.50140607,-7723.1031523,nan,0.0
19418.2566285,-4378.44177353,nan,0.0
13781.8476879,-3360.4964589,nan,0.0
@ 1420 10 0.1 nan
15671.9181619,6022.21838678,nan,0.0
6662.48107212,6548.89768606,nan,0.0
-4569.21435367,14200.6996334,nan,0.0
9689.52937431,-5605.253969,nan,0.0
3378.91354786,4782.93749375,nan,0.0
38507.2596112,3701.08548993,nan,0.0
-4214.76684146,19138.8184594,nan,0.0
111.010289586,-17678.7076491,nan,0.0
13266.7792451,-15727.1444084,nan,0.0
16905.6688183,3215.33170148,nan,0.0
@ 1430 10 0.1 nan
27712.411463,15489.6481364,nan,0.0
16632.4937213,3107.17378939,nan,0.0
1434.92287221,13773.8513354,nan,0.0
9141.98139513,-15608.5815075,nan,0.0
1724.60336468,7835.60938587,nan,0.0
31090.6597819,-519.274430599,nan,0.0
-1038.58122703,22719.7546752,nan,0.0
-7359.87609961,-10958.5789858,nan,0.0
15341.1242529,-14052.1673626,nan,0.0
6406.83847272,-1186.70085115,nan,0.0
@ 1440 10 0.1 nan
31187.9792725,11717.3979278,nan,0.0
15789.9329859,14805.4616825,nan,0.0
16162.9515325,-9136.67724788,nan,0.0
6204.02880392,-11323.2052025,nan,0.0
-4473.44022979,16131.8157962,nan,0.0
42732.3160613,-1790.28669069,nan,0.0
-9930.54183697,29996.4868301,nan,0.0
-19091.157609,-11876.7126257,nan,0.0
17269.6960629,-7369.45957442,nan,0.0
-3777.27129972,3808.13832219,nan,0.0
@ 1450 10 0.1 nan
30111.093684,18644.0502024,nan,0.0
11037.7217764,21259.0180177,nan,0.0
16052.1956014,-28173.9845909,nan,0.0
-4044.57946946,-13862.1573822,nan,0.0
-1833.01540985,14624.7361729,nan,0.0
44749.8274486,10564.3982821,nan,0.0
-9375.22242168,4154.2717936,nan,0.0
-22120.2622253,-31429.1052776,nan,0.0
24509.5403652,8566.80205186,nan,0.0
-14291.9504068,15242.3929734,nan,0.0
@ 1460 10 0.1 nan
34668.1812684,24345.3170649,nan,0.0
14128.7455265,18418.141658,nan,0.0
9588.78454115,-16960.7764424,nan,0.0
16399.8048968,-22822.8506958,nan,0.0
-5940.89539548,14059.4561589,nan,0.0
52348.9610985,9767.9509485,nan,0.0
3283.66867249,-6241.25026746,nan,0.0
-10715.419502,-50650.3873191,nan,0.0
18568.6441365,-5204.34778329,nan,0.0
-25295.9377201,8495.30780243,nan,0.0
@ 1470 10 0.1 nan
45940.7997802,36872.2421657,nan,0.0
18443.969957,16541.6893463,nan,0.0
6328.74970634,-21937.6142709,nan,0.0
-11719.9535738,-32989.130243,nan,0.0
-6172.3616601,-5093.96473122,nan,0.0
43620.3968725,10217.1115184,nan,0.0
12282.7466052,10048.7323693,nan,0.0
-16991.4789414,-52578.9050067,nan,0.0
14874.6893929,-9061.92034175,nan,0.0
-17660.1236534,20440.2319188,nan,0.0
@ 1480 10 0.1 nan
