1 0.1 0.0994324047081
2 0.1 0.0981433025548
3 0.1 0.0989690633432
4 0.1 0.0987072744935
100 0.1 0.101674671485
200 0.1 0.102866540251
300 0.1 0.10055612496
400 0.1 0.100799836683
500 0.1 0.103007734539
600 0.1 0.103919095058
700 0.1 0.105219759594
800 0.1 0.102796131089
900 0.1 0.102565738753
1000 0.1 0.102556516487
1100 0.1 0.103470413975
1200 0.1 0.103947760227
1300 0.1 0.104969873371
1400 0.1 0.104864519079
1500 0.1 0.104957150026
1600 0.1 0.105991228801
1700 0.1 0.105188211843
1800 0.1 0.106895542845
1900 0.1 0.108527318242
2000 0.1 0.108315162746
2100 0.1 0.108137851422
2200 0.1 0.107462126631
2300 0.1 0.107047196276
2400 0.1 0.105175694194
2500 0.1 0.105295000692
2600 0.1 0.103703973737
2700 0.1 0.101483301791
2800 0.1 0.101401299951
2900 0.1 0.101926206379
3000 0.1 0.100413232021
3100 0.1 0.100769311453
3200 0.1 0.100259353294
3300 0.1 0.100306276688
3400 0.1 0.102662295602
3500 0.1 0.102159415166
3600 0.1 0.102444359969
3700 0.1 0.102308972594
3800 0.1 0.101983918724
3900 0.1 0.102595709963
4000 0.1 0.104377204614
4100 0.1 0.104035736027
4200 0.1 0.105817788824
4300 0.1 0.105742452837
4400 0.1 0.105961061373
4500 0.1 0.106496288569
4600 0.1 0.106794278227
4700 0.1 0.107160344305
4800 0.1 0.106958810954
4900 0.1 0.107227980953
5000 0.1 0.109254500624
5100 0.1 0.111091167909
5200 0.1 0.110568389682
5300 0.1 0.112390009121
5400 0.1 0.112384355818
5500 0.1 0.110903738657
5600 0.1 0.111191542432
5700 0.1 0.11260588717
5800 0.1 0.115383962455
5900 0.1 0.11515267182
6000 0.1 0.11583501579
6100 0.1 0.115751399347
6200 0.1 0.114171988139
6300 0.1 0.114248355395
6400 0.1 0.114220995924
6500 0.1 0.114795379765
6600 0.1 0.114551833068
6700 0.1 0.114847279667
6800 0.1 0.114043080005
6900 0.1 0.115178704541
7000 0.1 0.114993249852
7100 0.1 0.112849135352
7200 0.1 0.111261386481
7300 0.1 0.110791773432
7400 0.1 0.10918391279
7500 0.1 0.108824227511
7600 0.1 0.110640522356
7700 0.1 0.111364193214
7800 0.1 0.11097755816
7900 0.1 0.110248374229
8000 0.1 0.112394465833
8100 0.1 0.113046511585
8200 0.1 0.114660863534
8300 0.1 0.115132541094
8400 0.1 0.11779124808
8500 0.1 0.119609608281
8600 0.1 0.119025617946
8700 0.1 0.119887499548
8800 0.1 0.117517789156
8900 0.1 0.118460294751
9000 0.1 0.118478272056
9100 0.1 0.12055324843
9200 0.1 0.121439935342
9300 0.1 0.12160419586
9400 0.1 0.121649387723
9500 0.1 0.120385843825
9600 0.1 0.12120952876
9700 0.1 0.12244311618
9800 0.1 0.121453983137
9900 0.1 0.120534170182
10000 0.1 0.120879292607
10100 0.1 0.119676625296
10200 0.1 0.11812549651
10300 0.1 0.11948921113
10400 0.1 0.119122699893
10500 0.1 0.120569956284
10600 0.1 0.120611126452
10700 0.1 0.119765818807
10800 0.1 0.119931281833
10900 0.1 0.12168980167
11000 0.1 0.119454716475
11100 0.1 0.11990031522
11200 0.1 0.11793944748
11300 0.1 0.118045159934
11400 0.1 0.116419317612
11500 0.1 0.114393684167
11600 0.1 0.113330703166
11700 0.1 0.11293841268
11800 0.1 0.112504752718
11900 0.1 0.112980392907
12000 0.1 0.112152469457
12100 0.1 0.114310289886
12200 0.1 0.115460491917
12300 0.1 0.11667466562
12400 0.1 0.118121763378
12500 0.1 0.119743228823
12600 0.1 0.120177441225
12700 0.1 0.122496043341
12800 0.1 0.123204477279
12900 0.1 0.122527975769
13000 0.1 0.120424193982
13100 0.1 0.120750149184
13200 0.1 0.120372012736
13300 0.1 0.119306071448
13400 0.1 0.119102851483
13500 0.1 0.118901708481
13600 0.1 0.118357638221
13700 0.1 0.115469248298
13800 0.1 0.115747282679
13900 0.1 0.115415859674
14000 0.1 0.113791520572
14100 0.1 0.115055961813
14200 0.1 0.1138135647
14300 0.1 0.113862086183
14400 0.1 0.114217953069
14500 0.1 0.11624721306
14600 0.1 0.11598688779
14700 0.1 0.115902030848
14800 0.1 0.115158422133
14900 0.1 0.113763584333
15000 0.1 0.114693200704
15100 0.1 0.113028683035
15200 0.1 0.112454516541
15300 0.1 0.113059417556
15400 0.1 0.113336187526
15500 0.1 0.114538544274
15600 0.1 0.113013066087
15700 0.1 0.111725513223
15800 0.1 0.111166397117
15900 0.1 0.112165248274
16000 0.1 0.113006603182
16100 0.1 0.112076690854
16200 0.1 0.113052852614
16300 0.1 0.113642595058
16400 0.1 0.113718146237
16500 0.1 0.113649176723
16600 0.1 0.117579226831
16700 0.1 0.118088094736
16800 0.1 0.1182460799
16900 0.1 0.115659359087
17000 0.1 0.114727816497
17100 0.1 0.115849229295
17200 0.1 0.115573218804
17300 0.1 0.117013871692
17400 0.1 0.114449510288
17500 0.1 0.114306601832
17600 0.1 0.114220896891
17700 0.1 0.113215227041
17800 0.1 0.112763941329
17900 0.1 0.113273687989
18000 0.1 0.114445923819
18100 0.1 0.113602670005
18200 0.1 0.113461252142
18300 0.1 0.113402191516
18400 0.1 0.110638842051
18500 0.1 0.110367821141
18600 0.1 0.110919700242
18700 0.1 0.109941251466
18800 0.1 0.110586316023
18900 0.1 0.110358142231
19000 0.1 0.110803853813
19100 0.1 0.110024501709
19200 0.1 0.110007459992
19300 0.1 0.109853535973
19400 0.1 0.108218409292
19500 0.1 0.10869248307
19600 0.1 0.108416428404
19700 0.1 0.107733184663
19800 0.1 0.110103204314
19900 0.1 0.112134890088
20000 0.1 0.11292145717
20100 0.1 0.11336412802
20200 0.1 0.116092393157
20300 0.1 0.115474472455
20400 0.1 0.113210251689
20500 0.1 0.113142345715
20600 0.1 0.115488835068
20700 0.1 0.114536939792
20800 0.1 0.113123422653
20900 0.1 0.113437760907
21000 0.1 0.111579476733
21100 0.1 0.11052431424
21200 0.1 0.109859771747
21300 0.1 0.110301934814
21400 0.1 0.112501164217
21500 0.1 0.113264176062
21600 0.1 0.113101648109
21700 0.1 0.111367154706
21800 0.1 0.111824710693
21900 0.1 0.112652186972
22000 0.1 0.111462160059
22100 0.1 0.110971637549
22200 0.1 0.113551270817
22300 0.1 0.114444469063
22400 0.1 0.113889778154
22500 0.1 0.112033878679
22600 0.1 0.110619706757
22700 0.1 0.109863818787
22800 0.1 0.110001060085
22900 0.1 0.111018674255
23000 0.1 0.111276911014
23100 0.1 0.110763341009
23200 0.1 0.112766899145
23300 0.1 0.113988780456
23400 0.1 0.114120217518
23500 0.1 0.112444140675
23600 0.1 0.112691528665
23700 0.1 0.114414171855
23800 0.1 0.114548793313
23900 0.1 0.115373796389
24000 0.1 0.115739502211
24100 0.1 0.114666955561
24200 0.1 0.116943586347
24300 0.1 0.118039574716
24400 0.1 0.118012984679
24500 0.1 0.117189164154
24600 0.1 0.116462332619
24700 0.1 0.117948181204
24800 0.1 0.119315565023
24900 0.1 0.12141086434
25000 0.1 0.120193683626
25100 0.1 0.122576811367
25200 0.1 0.123277209229
25300 0.1 0.123518861059
25400 0.1 0.124406300196
25500 0.1 0.125613840811
25600 0.1 0.125686734805
25700 0.1 0.126374158695
25800 0.1 0.12462759536
25900 0.1 0.124731973627
26000 0.1 0.123069228027
26100 0.1 0.122616482275
26200 0.1 0.122073292456
26300 0.1 0.122613526739
26400 0.1 0.120846276823
26500 0.1 0.120345260337
26600 0.1 0.119989722975
26700 0.1 0.122473108073
26800 0.1 0.123675303919
26900 0.1 0.125146955178
27000 0.1 0.125007326058
27100 0.1 0.124324842223
27200 0.1 0.123238241002
27300 0.1 0.123242298046
27400 0.1 0.125784489759
27500 0.1 0.126942923443
27600 0.1 0.127121751684
27700 0.1 0.128354304932
27800 0.1 0.129177030644
27900 0.1 0.12934752446
28000 0.1 0.12780026453
28100 0.1 0.128557349576
28200 0.1 0.130543404787
28300 0.1 0.132276234624
28400 0.1 0.133082520365
28500 0.1 0.135763991139
28600 0.1 0.138054973268
28700 0.1 0.137034031599
28800 0.1 0.138077652254
28900 0.1 0.138615708354
29000 0.1 0.136298323295
29100 0.1 0.13707276818
29200 0.1 0.137082863412
29300 0.1 0.135607010276
29400 0.1 0.137370363942
29500 0.1 0.137462819893
29600 0.1 0.139024883113
29700 0.1 0.138189329636
29800 0.1 0.140048704079
29900 0.1 0.137510453184
30000 0.1 0.136986989809
30100 0.1 0.139389754509
30200 0.1 0.138983349064
30300 0.1 0.140137661229
30400 0.1 0.139483293301
30500 0.1 0.1399306987
30600 0.1 0.141701900211
30700 0.1 0.142001603678
30800 0.1 0.146238253765
30900 0.1 0.145988755741
31000 0.1 0.148073185836
31100 0.1 0.14753154417
31200 0.1 0.146382387882
31300 0.1 0.148582481427
31400 0.1 0.148550000919
31500 0.1 0.147917009062
31600 0.1 0.147003004735
31700 0.1 0.14757194267
31800 0.1 0.145947698277
31900 0.1 0.148147516675
32000 0.1 0.147824066864
32100 0.1 0.147522936508
32200 0.1 0.144839259915
32300 0.1 0.145754336449
32400 0.1 0.14626224227
32500 0.1 0.1459741697
32600 0.1 0.144495645876
32700 0.1 0.145023593175
32800 0.1 0.144997488797
32900 0.1 0.145794232392
33000 0.1 0.147543470647
33100 0.1 0.146601841253
33200 0.1 0.146271711434
33300 0.1 0.14722995042
33400 0.1 0.145839192957
33500 0.1 0.147346708514
33600 0.1 0.145421013586
33700 0.1 0.146506390708
33800 0.1 0.147752250323
100 0.1 0.100713121565
200 0.1 0.100163982193
100 0.1 0.100563835806
200 0.1 0.0996920707704
300 0.1 0.101366929304
400 0.1 0.100493603636
500 0.1 0.100932554367
600 0.1 0.101358494959
700 0.1 0.101013619049
800 0.1 0.10135712574
100 0.1 0.0997779473713
