100 0.5 0.101292744735
200 0.5 0.101052643878
300 0.5 0.0998727128584
400 0.5 0.10041009311
500 0.5 0.101455399316
600 0.5 0.102684788475
700 0.5 0.104526514891
800 0.5 0.106351060704
900 0.5 0.107800203453
1000 0.5 0.110075343747
1100 0.5 0.109551671593
1200 0.5 0.108496434332
1300 0.5 0.108915550481
1400 0.5 0.110638061539
1500 0.5 0.109404711687
1600 0.5 0.110231588026
1700 0.5 0.11187670634
1800 0.5 0.1130177316
1900 0.5 0.112590700419
2000 0.5 0.114960434573
2100 0.5 0.113960834847
2200 0.5 0.115801376202
2300 0.5 0.117610338722
2400 0.5 0.117956211266
2500 0.5 0.120589098751
2600 0.5 0.122566038782
2700 0.5 0.121889563782
2800 0.5 0.12319901893
2900 0.5 0.124681946135
3000 0.5 0.127242632878
3100 0.5 0.127650694499
3200 0.5 0.127248382333
3300 0.5 0.129440197934
3400 0.5 0.130967977193
3500 0.5 0.132284944824
3600 0.5 0.134364411803
3700 0.5 0.13494566547
3800 0.5 0.137012426368
3900 0.5 0.138494385748
4000 0.5 0.14030484988
4100 0.5 0.141803582724
4200 0.5 0.141685697815
4300 0.5 0.142701893521
4400 0.5 0.142628685043
4500 0.5 0.144214151851
4600 0.5 0.144010527259
4700 0.5 0.142959882477
4800 0.5 0.143230234599
4900 0.5 0.143919000997
5000 0.5 0.145054288226
5100 0.5 0.144778147892
5200 0.5 0.144926699339
5300 0.5 0.145473967079
5400 0.5 0.14619357898
5500 0.5 0.14574771832
5600 0.5 0.145636406906
5700 0.5 0.147970554352
5800 0.5 0.150275266641
5900 0.5 0.14852404298
6000 0.5 0.150247257705
6100 0.5 0.15341911807
6200 0.5 0.155697731192
6300 0.5 0.158503406492
6400 0.5 0.159091390544
6500 0.5 0.160532610588
6600 0.5 0.159881678608
6700 0.5 0.163337533804
6800 0.5 0.164640285674
6900 0.5 0.165524117002
7000 0.5 0.163856038855
7100 0.5 0.164772389412
7200 0.5 0.169048227575
7300 0.5 0.17028055381
7400 0.5 0.166742377467
7500 0.5 0.167985530607
7600 0.5 0.168947702358
7700 0.5 0.169853045303
7800 0.5 0.169757642227
7900 0.5 0.164196023973
8000 0.5 0.166043661444
8100 0.5 0.168001830655
8200 0.5 0.165467563139
8300 0.5 0.165871849994
8400 0.5 0.165624262469
8500 0.5 0.16498897695
8600 0.5 0.165821065693
8700 0.5 0.165686651234
8800 0.5 0.165273766874
8900 0.5 0.168312405041
9000 0.5 0.170414168373
9100 0.5 0.173027448726
9200 0.5 0.173968678595
9300 0.5 0.173534814507
9400 0.5 0.172303659009
9500 0.5 0.17250006293
9600 0.5 0.173650920977
9700 0.5 0.177855304924
9800 0.5 0.176641965619
9900 0.5 0.177264073451
10000 0.5 0.175562618978
10100 0.5 0.179925965211
10200 0.5 0.18011782658
10300 0.5 0.179997438608
10400 0.5 0.180587372087
10500 0.5 0.182032758663
10600 0.5 0.184902925923
10700 0.5 0.18633438649
10800 0.5 0.185085631635
10900 0.5 0.184221133252
11000 0.5 0.187197363318
11100 0.5 0.187294236378
11200 0.5 0.185968628371
11300 0.5 0.18444593098
11400 0.5 0.185446252807
11500 0.5 0.185506813155
11600 0.5 0.183799220167
11700 0.5 0.183886151579
11800 0.5 0.185295066683
11900 0.5 0.184789125642
12000 0.5 0.186177931981
12100 0.5 0.184263144637
12200 0.5 0.183216626144
12300 0.5 0.180983158704
12400 0.5 0.182214455685
12500 0.5 0.187847906961
12600 0.5 0.190489195341
12700 0.5 0.189420870722
12800 0.5 0.191367769121
12900 0.5 0.191216201375
13000 0.5 0.194261427249
13100 0.5 0.192490942491
13200 0.5 0.192947388259
13300 0.5 0.190886636363
13400 0.5 0.187285171957
13500 0.5 0.187051574963
13600 0.5 0.18654597094
13700 0.5 0.188273034466
13800 0.5 0.193378425069
13900 0.5 0.193313560058
14000 0.5 0.193662350666
14100 0.5 0.195078885627
14200 0.5 0.19629331235
14300 0.5 0.197790701178
14400 0.5 0.200349336783
14500 0.5 0.20495713694
14600 0.5 0.202272887004
14700 0.5 0.202806911875
14800 0.5 0.20162634048
14900 0.5 0.200545447493
15000 0.5 0.201922981538
15100 0.5 0.202290771827
15200 0.5 0.201204833713
15300 0.5 0.201089859501
15400 0.5 0.203062509737
15500 0.5 0.202109270936
15600 0.5 0.202439011418
15700 0.5 0.205288352544
15800 0.5 0.206040583191
15900 0.5 0.210670854002
16000 0.5 0.211083106696
16100 0.5 0.210465896707
16200 0.5 0.210141281926
16300 0.5 0.211095802592
16400 0.5 0.208869644755
16500 0.5 0.207451924746
16600 0.5 0.209138895217
16700 0.5 0.208796122713
16800 0.5 0.2103036758
16900 0.5 0.212241123775
17000 0.5 0.21409276431
17100 0.5 0.213899951219
17200 0.5 0.214841539472
17300 0.5 0.211693853572
17400 0.5 0.217482104594
17500 0.5 0.217778898781
17600 0.5 0.219730900746
17700 0.5 0.220233614985
17800 0.5 0.221167381924
17900 0.5 0.221002867125
18000 0.5 0.219584029874
18100 0.5 0.218684372372
18200 0.5 0.215491210428
18300 0.5 0.212181984728
18400 0.5 0.213452589665
18500 0.5 0.214182444757
18600 0.5 0.213839652301
18700 0.5 0.212598256891
18800 0.5 0.209184026319
18900 0.5 0.211735356452
19000 0.5 0.213060972471
19100 0.5 0.215429053238
19200 0.5 0.213855088924
19300 0.5 0.218549330547
19400 0.5 0.216188210958
19500 0.5 0.217307201632
19600 0.5 0.216989923483
19700 0.5 0.219582305391
19800 0.5 0.216288146322
19900 0.5 0.216115167953
20000 0.5 0.219242927311
20100 0.5 0.221205142289
20200 0.5 0.220116496429
20300 0.5 0.219778649693
20400 0.5 0.222975649572
20500 0.5 0.223910804569
20600 0.5 0.225096797537
20700 0.5 0.229604217108
20800 0.5 0.228756626206
20900 0.5 0.229972734461
21000 0.5 0.231226550285
21100 0.5 0.231107054213
21200 0.5 0.234560192948
21300 0.5 0.235494665315
21400 0.5 0.235342290188
21500 0.5 0.235469069535
21600 0.5 0.237342701139
21700 0.5 0.240926729356
21800 0.5 0.239927968061
21900 0.5 0.24102007522
22000 0.5 0.246001664038
22100 0.5 0.248269212403
22200 0.5 0.247216834656
22300 0.5 0.247170984848
22400 0.5 0.249775471542
22500 0.5 0.252435912063
22600 0.5 0.249860803716
22700 0.5 0.248936320005
22800 0.5 0.248694639701
22900 0.5 0.253221069717
23000 0.5 0.259111050026
23100 0.5 0.260378596491
23200 0.5 0.261916913141
23300 0.5 0.26465965665
23400 0.5 0.267301374411
23500 0.5 0.27111217186
23600 0.5 0.272574690083
23700 0.5 0.271406290665
23800 0.5 0.271028910234
23900 0.5 0.271228300714
24000 0.5 0.278471031425
24100 0.5 0.27856449811
24200 0.5 0.280295451896
24300 0.5 0.282942686372
24400 0.5 0.282927270432
24500 0.5 0.284451161388
24600 0.5 0.283807108681
24700 0.5 0.282427087146
24800 0.5 0.284988852535
24900 0.5 0.287487768864
25000 0.5 0.286795253914
25100 0.5 0.281678318117
25200 0.5 0.283312715476
25300 0.5 0.286665474359
25400 0.5 0.291917088522
25500 0.5 0.291022867218
25600 0.5 0.295336548713
25700 0.5 0.295205954147
25800 0.5 0.292896283669
25900 0.5 0.29426981084
26000 0.5 0.297212868661
26100 0.5 0.2967082658
26200 0.5 0.299230579141
26300 0.5 0.301360058069
26400 0.5 0.302756946063
26500 0.5 0.301852938109
26600 0.5 0.295651021952
26700 0.5 0.299157444963
26800 0.5 0.303035286024
26900 0.5 0.306846565576
27000 0.5 0.307228493232
27100 0.5 0.308385824737
27200 0.5 0.306698902012
27300 0.5 0.30832656626
27400 0.5 0.309306936752
27500 0.5 0.311210554125
27600 0.5 0.312070189264
27700 0.5 0.314394097394
27800 0.5 0.30510064377
27900 0.5 0.307710647799
28000 0.5 0.31060379624
28100 0.5 0.311880205365
28200 0.5 0.311433428733
28300 0.5 0.308871279639
28400 0.5 0.310507544388
28500 0.5 0.30560047766
28600 0.5 0.308414151936
28700 0.5 0.308796799051
28800 0.5 0.309981475021
28900 0.5 0.306472439405
29000 0.5 0.301011349111
29100 0.5 0.301159555791
29200 0.5 0.305811557401
29300 0.5 0.30164936045
29400 0.5 0.301064592843
29500 0.5 0.302748338363
29600 0.5 0.302440594346
29700 0.5 0.304777035995
29800 0.5 0.306527340433
29900 0.5 0.313761931619
30000 0.5 0.311699972702
30100 0.5 0.316239520317
30200 0.5 0.312332348913
30300 0.5 0.32392639664
30400 0.5 0.325495000837
30500 0.5 0.323681937425
30600 0.5 0.31925936323
30700 0.5 0.322069365488
30800 0.5 0.321165153362
30900 0.5 0.320954214875
31000 0.5 0.319186287048
31100 0.5 0.321578318241
31200 0.5 0.327192740402
31300 0.5 0.323890442787
31400 0.5 0.324317821826
31500 0.5 0.323185920961
31600 0.5 0.321831709979
31700 0.5 0.317482491303
31800 0.5 0.314902146594
31900 0.5 0.309973234314
32000 0.5 0.308347113643
32100 0.5 0.312361298122
32200 0.5 0.315839741987
32300 0.5 0.32366994392
32400 0.5 0.322192808154
32500 0.5 0.327165921746
32600 0.5 0.317649989427
32700 0.5 0.321793649429
32800 0.5 0.325985920213
32900 0.5 0.325889126655
33000 0.5 0.322027939489
33100 0.5 0.323833367789
33200 0.5 0.328376710833
33300 0.5 0.330950274541
33400 0.5 0.327076480399
33500 0.5 0.325811587237
33600 0.5 0.328919623988
33700 0.5 0.329589226473
33800 0.5 0.327714102555
33900 0.5 0.320879491303
34000 0.5 0.316425232714
34100 0.5 0.319167045303
34200 0.5 0.317755978815
34300 0.5 0.321107839537
34400 0.5 0.31970677631
34500 0.5 0.322088077403
34600 0.5 0.320875119467
34700 0.5 0.327562440292
34800 0.5 0.326870309345
34900 0.5 0.327897415511
35000 0.5 0.324891129487
35100 0.5 0.325646546744
35200 0.5 0.324472235164
35300 0.5 0.322395648154
35400 0.5 0.319530894055
35500 0.5 0.321647779296
35600 0.5 0.32370947802
35700 0.5 0.322386135453
35800 0.5 0.323540861592
35900 0.5 0.320624596258
36000 0.5 0.320615313492
36100 0.5 0.319705550237
36200 0.5 0.316810659878
36300 0.5 0.32414691339
36400 0.5 0.322924459339
36500 0.5 0.322519370781
36600 0.5 0.316983991687
36700 0.5 0.316533302357
36800 0.5 0.316926928637
36900 0.5 0.321541622794
37000 0.5 0.320342106772
37100 0.5 0.320009798149
37200 0.5 0.32254889827
37300 0.5 0.325400278641
37400 0.5 0.328702014998
37500 0.5 0.329628704503
37600 0.5 0.331794496353
37700 0.5 0.330980164233
37800 0.5 0.340948299429
37900 0.5 0.343113450297
38000 0.5 0.343331888399
38100 0.5 0.341661453466
38200 0.5 0.340785664745
38300 0.5 0.338696961158
38400 0.5 0.337469680043
38500 0.5 0.341411828377
38600 0.5 0.346056971125
38700 0.5 0.341139711684
38800 0.5 0.343092566984
38900 0.5 0.343831513587
39000 0.5 0.345264193933
39100 0.5 0.344955735277
39200 0.5 0.339174296083
39300 0.5 0.3411870127
39400 0.5 0.34517919913
39500 0.5 0.346444210372
39600 0.5 0.345457652977
39700 0.5 0.346055514932
39800 0.5 0.343958870033
39900 0.5 0.344039882072
40000 0.5 0.341952048466
40100 0.5 0.345955709843
40200 0.5 0.348212196321
40300 0.5 0.346682362679
40400 0.5 0.341817670614
40500 0.5 0.345052128514
40600 0.5 0.344471552149
40700 0.5 0.343976315688
40800 0.5 0.348366963638
40900 0.5 0.347312707915
41000 0.5 0.348542360503
41100 0.5 0.352531800209
41200 0.5 0.353003838755
41300 0.5 0.358483441865
41400 0.5 0.355822521005
41500 0.5 0.359535641622
41600 0.5 0.356929506959
41700 0.5 0.36651326216
41800 0.5 0.361835688454
41900 0.5 0.364957368735
42000 0.5 0.357596162843
42100 0.5 0.352846554646
42200 0.5 0.34851101721
42300 0.5 0.348994185708
42400 0.5 0.3455157604
42500 0.5 0.340659074579
42600 0.5 0.344121512128
42700 0.5 0.345575887474
42800 0.5 0.345116813493
42900 0.5 0.347498551961
43000 0.5 0.349252442917
43100 0.5 0.35397044135
43200 0.5 0.355948059101
43300 0.5 0.356579876919
43400 0.5 0.351676700799
43500 0.5 0.356173392374
43600 0.5 0.353410170037
43700 0.5 0.356862738891
43800 0.5 0.3598776327
43900 0.5 0.365877362172
44000 0.5 0.363078409052
44100 0.5 0.360252183916
44200 0.5 0.357942484969
44300 0.5 0.348455183518
44400 0.5 0.349031333311
44500 0.5 0.346428593346
44600 0.5 0.345168520871
44700 0.5 0.346828852291
44800 0.5 0.350417852748
44900 0.5 0.357880434111
45000 0.5 0.348468311298
45100 0.5 0.351007725134
45200 0.5 0.348349170768
45300 0.5 0.350197742682
45400 0.5 0.352120744302
45500 0.5 0.356640440339
45600 0.5 0.359210538257
45700 0.5 0.361806095656
45800 0.5 0.356892865928
45900 0.5 0.357627167977
46000 0.5 0.355943429081
46100 0.5 0.352999441606
46200 0.5 0.351620030689
46300 0.5 0.349534784983
46400 0.5 0.347975850621
46500 0.5 0.34722406727
46600 0.5 0.345223117726
46700 0.5 0.34572518332
46800 0.5 0.343734093794
46900 0.5 0.344312125878
47000 0.5 0.340438630364
47100 0.5 0.341317024496
47200 0.5 0.342862908471
47300 0.5 0.344334306147
47400 0.5 0.341329436582
47500 0.5 0.346329483153
47600 0.5 0.341311843294
47700 0.5 0.343934123681
47800 0.5 0.345563864775
47900 0.5 0.341488996998
48000 0.5 0.341087915774
48100 0.5 0.339258364178
48200 0.5 0.341844118921
48300 0.5 0.33848018025
48400 0.5 0.339625722438
48500 0.5 0.337480526495
48600 0.5 0.344814419267
48700 0.5 0.344311112615
48800 0.5 0.347081103812
48900 0.5 0.347976318424
49000 0.5 0.35100282875
49100 0.5 0.354119344717
49200 0.5 0.357122610484
49300 0.5 0.359275229965
49400 0.5 0.359615403507
49500 0.5 0.365740540093
49600 0.5 0.373978791413
49700 0.5 0.382272771448
49800 0.5 0.381072857046
49900 0.5 0.382303759512
50000 0.5 0.382414073566
50100 0.5 0.383052986665
50200 0.5 0.383485439553
50300 0.5 0.385146537903
50400 0.5 0.379560142323
50500 0.5 0.386162651576
50600 0.5 0.387061890628
50700 0.5 0.38661039327
50800 0.5 0.386768955619
50900 0.5 0.384509893113
51000 0.5 0.383956015196
51100 0.5 0.389190542209
51200 0.5 0.39221941692
51300 0.5 0.394666778132
51400 0.5 0.390146169909
51500 0.5 0.387947930799
51600 0.5 0.38740214628
51700 0.5 0.3886077633
51800 0.5 0.389600114987
51900 0.5 0.392116735565
52000 0.5 0.388842580609
52100 0.5 0.389819740419
52200 0.5 0.391647442183
52300 0.5 0.389010569661
52400 0.5 0.387189035836
52500 0.5 0.38873611108
52600 0.5 0.388858188225
52700 0.5 0.396039963228
52800 0.5 0.390687735496
52900 0.5 0.390228485237
53000 0.5 0.383729365492
53100 0.5 0.375644858023
53200 0.5 0.370574566729
53300 0.5 0.368749985467
53400 0.5 0.360428198682
53500 0.5 0.35813935599
53600 0.5 0.357147586547
53700 0.5 0.35419795292
53800 0.5 0.354626457854
53900 0.5 0.354374670503
54000 0.5 0.355669678933
54100 0.5 0.356117165098
54200 0.5 0.350686333924
54300 0.5 0.347472869939
54400 0.5 0.346380201519
54500 0.5 0.351555324518
54600 0.5 0.34916110747
54700 0.5 0.35354129478
54800 0.5 0.355967447645
54900 0.5 0.352565692793
55000 0.5 0.344719195226
55100 0.5 0.345441615554
55200 0.5 0.349489741016
55300 0.5 0.34493125747
55400 0.5 0.345955575201
55500 0.5 0.351973492224
55600 0.5 0.350805484307
55700 0.5 0.350717399249
55800 0.5 0.346935089683
55900 0.5 0.344653482379
56000 0.5 0.347345095574
56100 0.5 0.343768435892
56200 0.5 0.341706056969
56300 0.5 0.342058472257
56400 0.5 0.341761168045
56500 0.5 0.341641192944
56600 0.5 0.343933678107
56700 0.5 0.348552735307
56800 0.5 0.34969160818
56900 0.5 0.341850895396
57000 0.5 0.344608747894
57100 0.5 0.344439017349
57200 0.5 0.345458434012
57300 0.5 0.348861829314
57400 0.5 0.34246991754
57500 0.5 0.338081855414
57600 0.5 0.337620977052
57700 0.5 0.339839617076
57800 0.5 0.341780026463
57900 0.5 0.342255038936
58000 0.5 0.345058907595
58100 0.5 0.34891921359
58200 0.5 0.351033969247
58300 0.5 0.34757088034
58400 0.5 0.351539721729
58500 0.5 0.357177355099
58600 0.5 0.356407871533
58700 0.5 0.359659717251
58800 0.5 0.361019402306
58900 0.5 0.361572491548
59000 0.5 0.368871929946
59100 0.5 0.36588292077
59200 0.5 0.36134936875
59300 0.5 0.363908012838
59400 0.5 0.362213372288
59500 0.5 0.357793200041
59600 0.5 0.3596969699
59700 0.5 0.361802312795
59800 0.5 0.363805122632
59900 0.5 0.363686163546
60000 0.5 0.365031728185
60100 0.5 0.367149339992
60200 0.5 0.361972393244
60300 0.5 0.358812667169
60400 0.5 0.357021523426
60500 0.5 0.362158110988
60600 0.5 0.364602285915
60700 0.5 0.367572668418
60800 0.5 0.365939951523
60900 0.5 0.368651025185
61000 0.5 0.370380618798
61100 0.5 0.362548738437
61200 0.5 0.370785506175
61300 0.5 0.373657328538
61400 0.5 0.370356402434
61500 0.5 0.377666634462
61600 0.5 0.376794493342
61700 0.5 0.374420061093
61800 0.5 0.380982080258
61900 0.5 0.379134415682
62000 0.5 0.382751007349
62100 0.5 0.380454845967
62200 0.5 0.379410318418
62300 0.5 0.383186389866
62400 0.5 0.379686713119
62500 0.5 0.378091461049
62600 0.5 0.377990738675
62700 0.5 0.385390021987
62800 0.5 0.383321072945
62900 0.5 0.381387853341
63000 0.5 0.381646671193
63100 0.5 0.386063281567
63200 0.5 0.38646557395
63300 0.5 0.391526538833
63400 0.5 0.393751825251
63500 0.5 0.390915720941
63600 0.5 0.389350020766
63700 0.5 0.393549819914
63800 0.5 0.397624301855
63900 0.5 0.395666482467
64000 0.5 0.392658412882
64100 0.5 0.39911447339
64200 0.5 0.393715557034
64300 0.5 0.396824781923
64400 0.5 0.396899820163
64500 0.5 0.395022174121
64600 0.5 0.395145829771
64700 0.5 0.394213123376
64800 0.5 0.399065674857
64900 0.5 0.397648241029
65000 0.5 0.391492903879
65100 0.5 0.382415620493
65200 0.5 0.380212377761
65300 0.5 0.381840206008
65400 0.5 0.374084197151
65500 0.5 0.379829043672
65600 0.5 0.380910063637
65700 0.5 0.378836631377
65800 0.5 0.375147816029
65900 0.5 0.372779820578
66000 0.5 0.375219379917
66100 0.5 0.372164739167
66200 0.5 0.373937262915
66300 0.5 0.37720045527
66400 0.5 0.378714640214
66500 0.5 0.37916322611
66600 0.5 0.38206901521
66700 0.5 0.377081922085
66800 0.5 0.377275976333
66900 0.5 0.379944092254
67000 0.5 0.373431619598
67100 0.5 0.382723720142
67200 0.5 0.381926722747
67300 0.5 0.379415082933
67400 0.5 0.385976020019
67500 0.5 0.388026900941
67600 0.5 0.390910959759
67700 0.5 0.387001285672
67800 0.5 0.388432707045
67900 0.5 0.388458182375
68000 0.5 0.38511050438
68100 0.5 0.381377659598
68200 0.5 0.383431650432
68300 0.5 0.385323034977
68400 0.5 0.385789080468
68500 0.5 0.381306256517
68600 0.5 0.382659192438
68700 0.5 0.378479029232
68800 0.5 0.377377934396
68900 0.5 0.375849190561
69000 0.5 0.374264908891
69100 0.5 0.372498060907
69200 0.5 0.37042265083
69300 0.5 0.372897019065
69400 0.5 0.378150926447
69500 0.5 0.376662605591
69600 0.5 0.377242232388
69700 0.5 0.377115772349
69800 0.5 0.370887242758
69900 0.5 0.366684276244
70000 0.5 0.365729768777
70100 0.5 0.367586500099
70200 0.5 0.373142476552
70300 0.5 0.37112031279
70400 0.5 0.37200071446
70500 0.5 0.372894740081
70600 0.5 0.374830563465
70700 0.5 0.367516587313
70800 0.5 0.360237857392
70900 0.5 0.360207121931
71000 0.5 0.360988830695
71100 0.5 0.357129728771
71200 0.5 0.35771621597
71300 0.5 0.361429056527
71400 0.5 0.364791755025
71500 0.5 0.366125669065
71600 0.5 0.362034464708
71700 0.5 0.358654578779
71800 0.5 0.360190852154
71900 0.5 0.362676238302
72000 0.5 0.360644685374
72100 0.5 0.364935950332
72200 0.5 0.366084889195
72300 0.5 0.364709375025
72400 0.5 0.364664471513
72500 0.5 0.365385979266
72600 0.5 0.367882045289
72700 0.5 0.369230270613
72800 0.5 0.364289402588
72900 0.5 0.367589771741
73000 0.5 0.368294765461
73100 0.5 0.36854194798
73200 0.5 0.365992791141
73300 0.5 0.370294252388
73400 0.5 0.374235522719
73500 0.5 0.374330458976
73600 0.5 0.370202808529
73700 0.5 0.377828918086
73800 0.5 0.380810948695
73900 0.5 0.382728723732
74000 0.5 0.389491266052
74100 0.5 0.394610568348
74200 0.5 0.406736567458
74300 0.5 0.403148790265
74400 0.5 0.405969276941
74500 0.5 0.398983263382
74600 0.5 0.400419251688
74700 0.5 0.397488600205
74800 0.5 0.401649037432
74900 0.5 0.400093279815
75000 0.5 0.401590385065
75100 0.5 0.404207362271
75200 0.5 0.402921481992
75300 0.5 0.397575335233
75400 0.5 0.399076602283
75500 0.5 0.400685578573
75600 0.5 0.397814365478
75700 0.5 0.395084334486
75800 0.5 0.401571503126
75900 0.5 0.408043750699
76000 0.5 0.410183719283
76100 0.5 0.416047542585
76200 0.5 0.414142817182
76300 0.5 0.414896056055
76400 0.5 0.42030919186
76500 0.5 0.42832111359
76600 0.5 0.424750705217
76700 0.5 0.423722904051
76800 0.5 0.424537769313
76900 0.5 0.426052519348
77000 0.5 0.423898067673
77100 0.5 0.422198085028
77200 0.5 0.421147089809
77300 0.5 0.419126741015
77400 0.5 0.423680094785
77500 0.5 0.427673581655
77600 0.5 0.430410787335
77700 0.5 0.4387092128
77800 0.5 0.442210502094
77900 0.5 0.451068158061
78000 0.5 0.456793151844
78100 0.5 0.457288470274
78200 0.5 0.460225550624
78300 0.5 0.457872021564
78400 0.5 0.462221546156
78500 0.5 0.463579625689
78600 0.5 0.461990312758
78700 0.5 0.459288461196
78800 0.5 0.453595344565
78900 0.5 0.454070673859
79000 0.5 0.45583039075
79100 0.5 0.457098782891
79200 0.5 0.457793886257
79300 0.5 0.459488366289
79400 0.5 0.465721723401
79500 0.5 0.468987349819
79600 0.5 0.46311215632
79700 0.5 0.468203542987
79800 0.5 0.470473150192
79900 0.5 0.471505000621
80000 0.5 0.473054932612
80100 0.5 0.478833976674
80200 0.5 0.480940810731
80300 0.5 0.476029507809
80400 0.5 0.483535747693
80500 0.5 0.4833735765
80600 0.5 0.481982147745
80700 0.5 0.480230553575
80800 0.5 0.483299016067
80900 0.5 0.483894725141
81000 0.5 0.478170478881
81100 0.5 0.479968122465
81200 0.5 0.478226466175
81300 0.5 0.476764953639
81400 0.5 0.471444214194
81500 0.5 0.464430911429
81600 0.5 0.471949663077
81700 0.5 0.473877138102
81800 0.5 0.470301548622
81900 0.5 0.472557966123
82000 0.5 0.471146953157
82100 0.5 0.475113165659
82200 0.5 0.472955351994
82300 0.5 0.472769939968
82400 0.5 0.478542316389
82500 0.5 0.470668085425
82600 0.5 0.467415231663
82700 0.5 0.464451448342
82800 0.5 0.459806015799
82900 0.5 0.463031963375
83000 0.5 0.463300759726
83100 0.5 0.45525340708
83200 0.5 0.45074679719
83300 0.5 0.444982632303
83400 0.5 0.445191621723
83500 0.5 0.442804604853
83600 0.5 0.441314971319
83700 0.5 0.441429898014
83800 0.5 0.440159556694
83900 0.5 0.442532855123
84000 0.5 0.434909992986
84100 0.5 0.43402211617
84200 0.5 0.439592810897
84300 0.5 0.444312736221
84400 0.5 0.443962675352
84500 0.5 0.44642725015
84600 0.5 0.45338746941
84700 0.5 0.451917407989
84800 0.5 0.447977579398
84900 0.5 0.44172163988
85000 0.5 0.445957201776
85100 0.5 0.447682194154
85200 0.5 0.439223528725
85300 0.5 0.43976296375
85400 0.5 0.44075209426
85500 0.5 0.440191551831
85600 0.5 0.435912476536
85700 0.5 0.435818654768
85800 0.5 0.43954858688
85900 0.5 0.437940275352
86000 0.5 0.447172659657
86100 0.5 0.444904144178
86200 0.5 0.451829988496
86300 0.5 0.456627416052
86400 0.5 0.455101478649
86500 0.5 0.454838677204
86600 0.5 0.453829167175
86700 0.5 0.453416330524
86800 0.5 0.459977102228
86900 0.5 0.46105740878
87000 0.5 0.467520572411
87100 0.5 0.467712720702
87200 0.5 0.465219832008
87300 0.5 0.462540235696
87400 0.5 0.45958702599
87500 0.5 0.471457009413
87600 0.5 0.472941398156
87700 0.5 0.482600948914
87800 0.5 0.484156101168
87900 0.5 0.481645942624
88000 0.5 0.482947296265
88100 0.5 0.484432219351
88200 0.5 0.487670737803
88300 0.5 0.479996264179
88400 0.5 0.476071773205
88500 0.5 0.475577060523
88600 0.5 0.476254228116
88700 0.5 0.4705560852
88800 0.5 0.472599874399
88900 0.5 0.47965379744
89000 0.5 0.478600598861
89100 0.5 0.485700409142
89200 0.5 0.490466552436
89300 0.5 0.489229287172
89400 0.5 0.49265766027
89500 0.5 0.49101557865
89600 0.5 0.496004070218
89700 0.5 0.495514944684
89800 0.5 0.488944278639
89900 0.5 0.493147818459
90000 0.5 0.496419754602
90100 0.5 0.499982088694
90200 0.5 0.50195005735
90300 0.5 0.500303196901
90400 0.5 0.492771121852
90500 0.5 0.501635015239
90600 0.5 0.499769589041
90700 0.5 0.48767659539
90800 0.5 0.486231522384
90900 0.5 0.483069352286
91000 0.5 0.488514608227
91100 0.5 0.490934890507
91200 0.5 0.496890117159
91300 0.5 0.496330348207
91400 0.5 0.49247008135
91500 0.5 0.490241356148
91600 0.5 0.495155240993
91700 0.5 0.497370122955
91800 0.5 0.499553727238
91900 0.5 0.493410135358
92000 0.5 0.493451898013
92100 0.5 0.487813725498
92200 0.5 0.491684430565
92300 0.5 0.496081559077
92400 0.5 0.502527122113
92500 0.5 0.500631364619
92600 0.5 0.500731540493
92700 0.5 0.501746839272
92800 0.5 0.500363479852
92900 0.5 0.500604009062
93000 0.5 0.505877340585
93100 0.5 0.503086999381
93200 0.5 0.497634002819
93300 0.5 0.493196590067
93400 0.5 0.494807351022
93500 0.5 0.491334843697
93600 0.5 0.488640658079
93700 0.5 0.484956312377
93800 0.5 0.49051843591
93900 0.5 0.488606269535
94000 0.5 0.487155357163
94100 0.5 0.476871362627
94200 0.5 0.476322604258
94300 0.5 0.477083200997
94400 0.5 0.476387379388
94500 0.5 0.470684731006
94600 0.5 0.476478929751
94700 0.5 0.470407607847
94800 0.5 0.466449562088
94900 0.5 0.459976075765
95000 0.5 0.460324856616
95100 0.5 0.461133962007
95200 0.5 0.461532689468
95300 0.5 0.458454618958
95400 0.5 0.456390025799
95500 0.5 0.452091093252
95600 0.5 0.45019198509
95700 0.5 0.448262184321
95800 0.5 0.447506323971
95900 0.5 0.450605682063
96000 0.5 0.456182600794
96100 0.5 0.448264511672
96200 0.5 0.439890160407
96300 0.5 0.439206980621
96400 0.5 0.437789392587
96500 0.5 0.440049089026
96600 0.5 0.44200136027
96700 0.5 0.437398043224
96800 0.5 0.427977778433
96900 0.5 0.435426533343
97000 0.5 0.446309919718
97100 0.5 0.439765007257
97200 0.5 0.440862168696
97300 0.5 0.439927170896
97400 0.5 0.437919398438
97500 0.5 0.433352573457
97600 0.5 0.431210076392
97700 0.5 0.429623469335
97800 0.5 0.43027412718
97900 0.5 0.432705229414
98000 0.5 0.42262425639
98100 0.5 0.423185096553
98200 0.5 0.416777743226
98300 0.5 0.412466215473
98400 0.5 0.414704920762
98500 0.5 0.408142781758
98600 0.5 0.40497337841
98700 0.5 0.405688547588
98800 0.5 0.410387211772
98900 0.5 0.410538192832
99000 0.5 0.409057552758
99100 0.5 0.406609444909
99200 0.5 0.409349759307
99300 0.5 0.410037231007
99400 0.5 0.411038811557
99500 0.5 0.405362118366
99600 0.5 0.403011366139
99700 0.5 0.404120759278
99800 0.5 0.407030302762
99900 0.5 0.404740655473
100000 0.5 0.400304820967
100100 0.5 0.399298063306
100200 0.5 0.397335356728
100300 0.5 0.397723793332
100400 0.5 0.402431851314
100500 0.5 0.402619188545
100600 0.5 0.403976152838
100700 0.5 0.407759397127
100800 0.5 0.404057021819
100900 0.5 0.400682803764
101000 0.5 0.40571862172
101100 0.5 0.406340358208
101200 0.5 0.408301813969
101300 0.5 0.404347844816
101400 0.5 0.410231149413
101500 0.5 0.418774666135
101600 0.5 0.420807433609
101700 0.5 0.426760016554
101800 0.5 0.432700248335
101900 0.5 0.432541211249
102000 0.5 0.43374131594
102100 0.5 0.438136216396
102200 0.5 0.43534154913
102300 0.5 0.432786577243
102400 0.5 0.437245927042
102500 0.5 0.437589225582
102600 0.5 0.440416881715
102700 0.5 0.445266496579
102800 0.5 0.444471527553
102900 0.5 0.448564978685
103000 0.5 0.444431803212
103100 0.5 0.450825938895
103200 0.5 0.443355166179
103300 0.5 0.438481624534
103400 0.5 0.438549502036
103500 0.5 0.434027271045
103600 0.5 0.428844370804
103700 0.5 0.431648325501
103800 0.5 0.428729732702
103900 0.5 0.416417617926
104000 0.5 0.410312230066
104100 0.5 0.414817601819
104200 0.5 0.416097959552
104300 0.5 0.411131356675
104400 0.5 0.419424943672
104500 0.5 0.418299952115
104600 0.5 0.420160916522
104700 0.5 0.425122064742
104800 0.5 0.420662749658
104900 0.5 0.423511767607
105000 0.5 0.421257820828
105100 0.5 0.420789375247
105200 0.5 0.424593646714
105300 0.5 0.421990832849
105400 0.5 0.420355977742
105500 0.5 0.418899481718
105600 0.5 0.412610450091
105700 0.5 0.410821528534
105800 0.5 0.410825708714
105900 0.5 0.414490826611
106000 0.5 0.414762664418
106100 0.5 0.424816334398
106200 0.5 0.421835261488
106300 0.5 0.42496296042
106400 0.5 0.422403286898
106500 0.5 0.418079347948
106600 0.5 0.415633399034
106700 0.5 0.414217657921
106800 0.5 0.417282856916
106900 0.5 0.415188347949
107000 0.5 0.41021651398
107100 0.5 0.413103129385
107200 0.5 0.409674916388
107300 0.5 0.409217762434
107400 0.5 0.409900990558
107500 0.5 0.405378397006
107600 0.5 0.397119580621
107700 0.5 0.397959417797
107800 0.5 0.396653647352
107900 0.5 0.395818147254
108000 0.5 0.396039441934
108100 0.5 0.399632778069
108200 0.5 0.403196511553
108300 0.5 0.404488942014
108400 0.5 0.402741636752
108500 0.5 0.407987482301
108600 0.5 0.408517623321
108700 0.5 0.412802640993
108800 0.5 0.415657805877
108900 0.5 0.41971210802
109000 0.5 0.417519653263
109100 0.5 0.419135557111
109200 0.5 0.419255797898
109300 0.5 0.418509747332
109400 0.5 0.417218497382
109500 0.5 0.415961381254
109600 0.5 0.417827344941
109700 0.5 0.420877914587
109800 0.5 0.421912647686
109900 0.5 0.415826365595
110000 0.5 0.417488270125
110100 0.5 0.425507833457
110200 0.5 0.426190004671
110300 0.5 0.42708077327
110400 0.5 0.426865779221
110500 0.5 0.430820938688
110600 0.5 0.435340267598
110700 0.5 0.427839782007
110800 0.5 0.422084406189
110900 0.5 0.425428522222
111000 0.5 0.424582776177
111100 0.5 0.426022474755
111200 0.5 0.431489126614
111300 0.5 0.428735297125
111400 0.5 0.432378400593
111500 0.5 0.438191417215
111600 0.5 0.434791106883
111700 0.5 0.437388771473
111800 0.5 0.447189994012
111900 0.5 0.44209097877
112000 0.5 0.442799942222
112100 0.5 0.439283214109
112200 0.5 0.440065713814
112300 0.5 0.438140617384
112400 0.5 0.429505770906
112500 0.5 0.434374428593
112600 0.5 0.436945346925
112700 0.5 0.432926458962
112800 0.5 0.434694668133
112900 0.5 0.436685160279
113000 0.5 0.429478636549
113100 0.5 0.428791428945
113200 0.5 0.423297953431
113300 0.5 0.422917241908
113400 0.5 0.421708807713
113500 0.5 0.429226431158
113600 0.5 0.429142416464
113700 0.5 0.433622789662
113800 0.5 0.426864742209
113900 0.5 0.429890505232
114000 0.5 0.431746377446
114100 0.5 0.43071003407
114200 0.5 0.437108083708
114300 0.5 0.441584526478
114400 0.5 0.440378042672
114500 0.5 0.449953424848
114600 0.5 0.452481207399
114700 0.5 0.451939056194
114800 0.5 0.441503797687
114900 0.5 0.441979002933
115000 0.5 0.442260250856
115100 0.5 0.437477853745
115200 0.5 0.431254339615
115300 0.5 0.426652012557
115400 0.5 0.427109588731
115500 0.5 0.425742569813
115600 0.5 0.42453026921
115700 0.5 0.422238377951
115800 0.5 0.43105802989
115900 0.5 0.427002659672
116000 0.5 0.423503849855
116100 0.5 0.415399304874
116200 0.5 0.417716979836
116300 0.5 0.413427661165
116400 0.5 0.41296500853
116500 0.5 0.417453024005
116600 0.5 0.421545178152
116700 0.5 0.427374063586
116800 0.5 0.426999452688
116900 0.5 0.423212904348
117000 0.5 0.427940926925
117100 0.5 0.420139695002
117200 0.5 0.414009859837
117300 0.5 0.4083548923
117400 0.5 0.407618193036
117500 0.5 0.403120967803
117600 0.5 0.399789739878
117700 0.5 0.395247894549
117800 0.5 0.394349849509
117900 0.5 0.392190361484
118000 0.5 0.39261617676
118100 0.5 0.392942198728
118200 0.5 0.394733920287
118300 0.5 0.389045438395
118400 0.5 0.389091534174
118500 0.5 0.395505595108
118600 0.5 0.394111757577
118700 0.5 0.39928234854
118800 0.5 0.399960117428
118900 0.5 0.398667512627
119000 0.5 0.402686280533
119100 0.5 0.402087021882
119200 0.5 0.402072967339
119300 0.5 0.413790489173
119400 0.5 0.41526575456
119500 0.5 0.421269636465
119600 0.5 0.423001545956
119700 0.5 0.41887829005
119800 0.5 0.420250352581
119900 0.5 0.411446762549
120000 0.5 0.408210796615
120100 0.5 0.411988593268
120200 0.5 0.404889248129
120300 0.5 0.404652752905
120400 0.5 0.406712237026
120500 0.5 0.402232549278
120600 0.5 0.407055002645
120700 0.5 0.408828313126
120800 0.5 0.405464126383
120900 0.5 0.404486940191
121000 0.5 0.399092054726
121100 0.5 0.3908104663
121200 0.5 0.397280856738
121300 0.5 0.396765299077
121400 0.5 0.394779569201
121500 0.5 0.393653877706
121600 0.5 0.393796341036
121700 0.5 0.398019812197
121800 0.5 0.400137844677
121900 0.5 0.399966751645
122000 0.5 0.400391794266
122100 0.5 0.401020280715
122200 0.5 0.398550566309
122300 0.5 0.407032976064
122400 0.5 0.409686804039
122500 0.5 0.410393001881
122600 0.5 0.405683539394
122700 0.5 0.40672362642
122800 0.5 0.410256214794
122900 0.5 0.408675584343
123000 0.5 0.412540949868
123100 0.5 0.414716400252
123200 0.5 0.421375286578
123300 0.5 0.419782003691
123400 0.5 0.418911320886
123500 0.5 0.421782041896
123600 0.5 0.41761407402
123700 0.5 0.415106794914
123800 0.5 0.408853086751
123900 0.5 0.407775644151
124000 0.5 0.412949335143
124100 0.5 0.418748378425
124200 0.5 0.424947433393
124300 0.5 0.423986702311
124400 0.5 0.426420100848
124500 0.5 0.425928402125
124600 0.5 0.430754995433
124700 0.5 0.423069250262
124800 0.5 0.434004821764
124900 0.5 0.427146176654
125000 0.5 0.423780762421
125100 0.5 0.424107471854
125200 0.5 0.425418781284
125300 0.5 0.41874427544
125400 0.5 0.414852154374
125500 0.5 0.413211707775
125600 0.5 0.406906161267
125700 0.5 0.412377372369
125800 0.5 0.405732236633
125900 0.5 0.402455116299
126000 0.5 0.39690751856
126100 0.5 0.3960677202
126200 0.5 0.393607918149
126300 0.5 0.393026741168
126400 0.5 0.394623576174
126500 0.5 0.390445454961
126600 0.5 0.3933606752
126700 0.5 0.389705231616
126800 0.5 0.386285895019
126900 0.5 0.386717828564
127000 0.5 0.381972164667
127100 0.5 0.37910292253
127200 0.5 0.37653054297
127300 0.5 0.378534864262
127400 0.5 0.383318178874
127500 0.5 0.384879857799
127600 0.5 0.384014673877
127700 0.5 0.386070650048
127800 0.5 0.387852482018
127900 0.5 0.380063674474
128000 0.5 0.379634669367
128100 0.5 0.375549703481
128200 0.5 0.37431274119
128300 0.5 0.37509195857
128400 0.5 0.370072861131
128500 0.5 0.370652601679
128600 0.5 0.375448072679
128700 0.5 0.374354475991
128800 0.5 0.378499663458
128900 0.5 0.383895481516
129000 0.5 0.385103488901
129100 0.5 0.381578885223
129200 0.5 0.379823913778
129300 0.5 0.373417712235
129400 0.5 0.376764649526
129500 0.5 0.379684367916
129600 0.5 0.377760684827
129700 0.5 0.374992575212
129800 0.5 0.376837694059
129900 0.5 0.371822609869
130000 0.5 0.375614880666
130100 0.5 0.369637002129
130200 0.5 0.370638663929
130300 0.5 0.371787729994
130400 0.5 0.374827527505
130500 0.5 0.370457524634
130600 0.5 0.366054416404
130700 0.5 0.366354845116
130800 0.5 0.361322936383
130900 0.5 0.367102504239
131000 0.5 0.372102120885
131100 0.5 0.372018333868
131200 0.5 0.373821109406
131300 0.5 0.375568825573
131400 0.5 0.376958878695
131500 0.5 0.381934397192
131600 0.5 0.387119209891
131700 0.5 0.387924254941
131800 0.5 0.385332779963
131900 0.5 0.383621661196
132000 0.5 0.387935122602
132100 0.5 0.386026289912
132200 0.5 0.383751485867
132300 0.5 0.382718993873
132400 0.5 0.381194461319
132500 0.5 0.381053316675
132600 0.5 0.385004576421
132700 0.5 0.384864732185
132800 0.5 0.38780179071
132900 0.5 0.387279595348
133000 0.5 0.387341502041
133100 0.5 0.390396651011
133200 0.5 0.393693313154
133300 0.5 0.394102850528
133400 0.5 0.392273335878
133500 0.5 0.393212804346
133600 0.5 0.391576907851
133700 0.5 0.390705596904
133800 0.5 0.38622243931
133900 0.5 0.383452679593
134000 0.5 0.380419080786
134100 0.5 0.384083704517
134200 0.5 0.382698170117
134300 0.5 0.377249291618
134400 0.5 0.38133808481
134500 0.5 0.379107592052
134600 0.5 0.385841486089
134700 0.5 0.388962456226
134800 0.5 0.387053838429
134900 0.5 0.394050705228
135000 0.5 0.399253314238
135100 0.5 0.399497283525
135200 0.5 0.40272200715
135300 0.5 0.403324625813
135400 0.5 0.406993715177
135500 0.5 0.407574080211
135600 0.5 0.41219790341
135700 0.5 0.409503768256
135800 0.5 0.415761506431
135900 0.5 0.421103413925
136000 0.5 0.415048974645
136100 0.5 0.419071825489
136200 0.5 0.418474606854
136300 0.5 0.418236699664
136400 0.5 0.416349110912
136500 0.5 0.416955415734
136600 0.5 0.418543698797
136700 0.5 0.426948683119
136800 0.5 0.422862822696
136900 0.5 0.423805107929
137000 0.5 0.422928713704
137100 0.5 0.421039224539
137200 0.5 0.414899781852
137300 0.5 0.413459752402
137400 0.5 0.414062645927
137500 0.5 0.415958753141
137600 0.5 0.414480255649
137700 0.5 0.412522222515
137800 0.5 0.418294761119
137900 0.5 0.420778835325
138000 0.5 0.419942441362
138100 0.5 0.428756957055
138200 0.5 0.422935067945
138300 0.5 0.419393994567
138400 0.5 0.414867459877
138500 0.5 0.419030205959
138600 0.5 0.42663959561
138700 0.5 0.424622200837
138800 0.5 0.422162679493
138900 0.5 0.418998693428
139000 0.5 0.418430796617
139100 0.5 0.415042194849
139200 0.5 0.415920035847
139300 0.5 0.421719011487
139400 0.5 0.425729213821
139500 0.5 0.424383252993
139600 0.5 0.432026073655
139700 0.5 0.430825022893
139800 0.5 0.420729081595
139900 0.5 0.420181057387
140000 0.5 0.413303696516
140100 0.5 0.413990297228
140200 0.5 0.416665853831
140300 0.5 0.41674523355
140400 0.5 0.422107470335
140500 0.5 0.422656215565
140600 0.5 0.424504026544
140700 0.5 0.424144845366
140800 0.5 0.425522869611
140900 0.5 0.423688741493
141000 0.5 0.423650066963
141100 0.5 0.42442068284
141200 0.5 0.420922071073
141300 0.5 0.417730082171
141400 0.5 0.413287423327
141500 0.5 0.411923169708
141600 0.5 0.406679305942
141700 0.5 0.410411697469
141800 0.5 0.411954075613
141900 0.5 0.41881817624
142000 0.5 0.422888351421
142100 0.5 0.420929521675
142200 0.5 0.425958347316
142300 0.5 0.431126226542
142400 0.5 0.433127031824
142500 0.5 0.435208914736
142600 0.5 0.436337460248
142700 0.5 0.427429103792
142800 0.5 0.430816970556
142900 0.5 0.429179203724
143000 0.5 0.433645778816
143100 0.5 0.431198122092
143200 0.5 0.433402650696
143300 0.5 0.439074448985
143400 0.5 0.434211381592
143500 0.5 0.437876811847
143600 0.5 0.434506182766
143700 0.5 0.434935711276
143800 0.5 0.437624170001
143900 0.5 0.427218016538
144000 0.5 0.42539140463
144100 0.5 0.424796932092
144200 0.5 0.42622428235
144300 0.5 0.425287187122
144400 0.5 0.424278887124
144500 0.5 0.425069925477
144600 0.5 0.424222063108
144700 0.5 0.42504354048
144800 0.5 0.43591550577
144900 0.5 0.444702878052
145000 0.5 0.448443908129
145100 0.5 0.440565191051
145200 0.5 0.434972261351
145300 0.5 0.433925457467
145400 0.5 0.434601310609
145500 0.5 0.427015884327
145600 0.5 0.427929210467
145700 0.5 0.423264058377
145800 0.5 0.426510716701
145900 0.5 0.424098572772
146000 0.5 0.425751282851
146100 0.5 0.422659658306
146200 0.5 0.41920370406
146300 0.5 0.41718801284
146400 0.5 0.41480538458
146500 0.5 0.408684233562
146600 0.5 0.408138752932
146700 0.5 0.40682633634
146800 0.5 0.407669054167
146900 0.5 0.405353701378
147000 0.5 0.407054647354
147100 0.5 0.410481077532
147200 0.5 0.404854379126
147300 0.5 0.409017499683
147400 0.5 0.410238562934
147500 0.5 0.408025802066
147600 0.5 0.408315383149
147700 0.5 0.402789698425
147800 0.5 0.40609313482
147900 0.5 0.406106749849
148000 0.5 0.398877615827
148100 0.5 0.404504962274
148200 0.5 0.400423995343
148300 0.5 0.399634099094
148400 0.5 0.401811813913
148500 0.5 0.400182327154
148600 0.5 0.394398259821
148700 0.5 0.389598063266
148800 0.5 0.393891686267
148900 0.5 0.386257036992
149000 0.5 0.384926696761
149100 0.5 0.385462310484
149200 0.5 0.390689893383
149300 0.5 0.38629104972
149400 0.5 0.388360695426
149500 0.5 0.383978073113
149600 0.5 0.378395130174
149700 0.5 0.377055587884
149800 0.5 0.37597129146
149900 0.5 0.381775954446
150000 0.5 0.382593659801
150100 0.5 0.381275533515
150200 0.5 0.375489969698
150300 0.5 0.373281452371
150400 0.5 0.374942977016
150500 0.5 0.372659554821
150600 0.5 0.373973225906
150700 0.5 0.371100671223
150800 0.5 0.370564999369
150900 0.5 0.376075054298
151000 0.5 0.381382554152
151100 0.5 0.38086041416
151200 0.5 0.389035252035
151300 0.5 0.389473137889
151400 0.5 0.388498552176
151500 0.5 0.379533120467
151600 0.5 0.37977974745
151700 0.5 0.380011828145
151800 0.5 0.382211969657
151900 0.5 0.387075560986
152000 0.5 0.382495128834
152100 0.5 0.377916227993
152200 0.5 0.37565531165
152300 0.5 0.368307910788
152400 0.5 0.366740078667
152500 0.5 0.366936164075
152600 0.5 0.370482153495
152700 0.5 0.374742716752
152800 0.5 0.369512143836
152900 0.5 0.372255287188
153000 0.5 0.376076925868
153100 0.5 0.369687710675
153200 0.5 0.366238106572
153300 0.5 0.366162055602
153400 0.5 0.36517076809
153500 0.5 0.366220879872
153600 0.5 0.365868047473
153700 0.5 0.36219639842
153800 0.5 0.365162592532
153900 0.5 0.36688092271
154000 0.5 0.364630630196
154100 0.5 0.367371374748
154200 0.5 0.367556381746
154300 0.5 0.369894938056
154400 0.5 0.362477340886
154500 0.5 0.359771668229
154600 0.5 0.359309915779
154700 0.5 0.35891730101
154800 0.5 0.363122339158
154900 0.5 0.358097974618
155000 0.5 0.358866700039
155100 0.5 0.361092668633
155200 0.5 0.364579334832
155300 0.5 0.363574927983
155400 0.5 0.363106787507
155500 0.5 0.365471796835
155600 0.5 0.369752186211
155700 0.5 0.372776762082
155800 0.5 0.36925034328
155900 0.5 0.375754185207
156000 0.5 0.374900601358
156100 0.5 0.379814339133
156200 0.5 0.378368021463
156300 0.5 0.378966281227
156400 0.5 0.379390628246
156500 0.5 0.374448556361
156600 0.5 0.374444374648
156700 0.5 0.376987014363
156800 0.5 0.372040032395
156900 0.5 0.366937190944
157000 0.5 0.365505667
157100 0.5 0.362650674748
157200 0.5 0.357713420144
157300 0.5 0.356160806773
157400 0.5 0.362514001295
157500 0.5 0.363420983736
157600 0.5 0.366768706307
157700 0.5 0.374826490212
157800 0.5 0.377420050615
157900 0.5 0.375382225857
158000 0.5 0.376134634079
158100 0.5 0.374222235356
158200 0.5 0.370874236144
158300 0.5 0.372481906754
158400 0.5 0.372416701996
158500 0.5 0.372843690484
158600 0.5 0.374835993929
158700 0.5 0.376362131594
158800 0.5 0.380425179664
158900 0.5 0.377250726824
159000 0.5 0.373631432767
159100 0.5 0.376066981781
159200 0.5 0.379525118133
159300 0.5 0.378243747577
159400 0.5 0.378892359638
159500 0.5 0.375527770262
159600 0.5 0.379067752445
159700 0.5 0.377056774373
159800 0.5 0.376747852064
159900 0.5 0.378166948882
160000 0.5 0.370939091816
160100 0.5 0.368778643811
160200 0.5 0.365325912451
160300 0.5 0.364629106553
160400 0.5 0.36379664124
160500 0.5 0.356607228711
160600 0.5 0.357094679378
160700 0.5 0.353648636629
160800 0.5 0.355595431717
160900 0.5 0.357016065939
161000 0.5 0.357517876502
161100 0.5 0.359818821563
161200 0.5 0.361679706088
161300 0.5 0.361959383853
161400 0.5 0.359801109431
161500 0.5 0.363732191306
161600 0.5 0.363281756241
161700 0.5 0.365607021087
161800 0.5 0.364837803178
161900 0.5 0.360233870557
162000 0.5 0.357793321348
162100 0.5 0.358068951257
162200 0.5 0.356148299773
162300 0.5 0.353324758946
162400 0.5 0.354986843478
162500 0.5 0.353240109816
162600 0.5 0.35148368349
162700 0.5 0.358051805161
162800 0.5 0.362362893145
162900 0.5 0.356584080119
163000 0.5 0.351446038928
163100 0.5 0.349437909773
163200 0.5 0.34683589286
163300 0.5 0.346728321531
163400 0.5 0.345375283934
163500 0.5 0.344444313912
163600 0.5 0.344017993419
163700 0.5 0.342303006371
163800 0.5 0.343696456747
163900 0.5 0.347756824864
164000 0.5 0.348254585232
164100 0.5 0.349836973442
164200 0.5 0.352529181002
164300 0.5 0.353823848327
164400 0.5 0.357887608787
164500 0.5 0.356252611167
164600 0.5 0.356927919303
164700 0.5 0.357788955719
164800 0.5 0.360084334186
164900 0.5 0.360614629197
165000 0.5 0.360925887841
165100 0.5 0.362871213248
165200 0.5 0.371166028774
165300 0.5 0.368482100189
165400 0.5 0.373967156644
165500 0.5 0.36852212986
165600 0.5 0.36859041418
165700 0.5 0.368547535022
165800 0.5 0.370593963201
165900 0.5 0.366761089015
166000 0.5 0.371631380229
166100 0.5 0.368675282293
166200 0.5 0.363205738613
166300 0.5 0.360308755066
166400 0.5 0.364451143893
166500 0.5 0.365516321254
166600 0.5 0.368607590841
166700 0.5 0.36958044677
166800 0.5 0.371356909676
166900 0.5 0.367787588252
167000 0.5 0.369385628331
167100 0.5 0.372999912394
167200 0.5 0.375485725694
167300 0.5 0.374438035492
167400 0.5 0.37376669348
167500 0.5 0.377133305936
167600 0.5 0.381180402691
167700 0.5 0.386749684259
167800 0.5 0.389921383523
167900 0.5 0.392025241799
168000 0.5 0.391024554692
168100 0.5 0.395936488149
168200 0.5 0.395785723891
168300 0.5 0.396907711604
168400 0.5 0.395933249847
168500 0.5 0.394580411902
168600 0.5 0.391905521907
168700 0.5 0.390002739975
168800 0.5 0.391891294132
168900 0.5 0.396214767444
169000 0.5 0.400623150705
169100 0.5 0.399623195629
169200 0.5 0.400468063672
169300 0.5 0.403772507379
169400 0.5 0.408110463758
169500 0.5 0.41262282462
169600 0.5 0.421092145776
169700 0.5 0.414235263182
169800 0.5 0.415597342507
169900 0.5 0.417792531609
170000 0.5 0.413198392525
170100 0.5 0.414004468233
170200 0.5 0.413613710045
170300 0.5 0.411343624766
170400 0.5 0.412949730164
170500 0.5 0.413249621043
170600 0.5 0.414519918474
170700 0.5 0.412253705212
170800 0.5 0.41707719592
170900 0.5 0.417018074799
171000 0.5 0.415616145149
171100 0.5 0.417675123613
171200 0.5 0.415331032871
171300 0.5 0.407284653116
171400 0.5 0.408897817589
171500 0.5 0.412671400209
171600 0.5 0.412939273664
171700 0.5 0.417392099112
171800 0.5 0.417158180834
171900 0.5 0.412414902544
172000 0.5 0.412422021182
172100 0.5 0.409516529042
172200 0.5 0.407243375857
172300 0.5 0.402158336803
172400 0.5 0.398354517443
172500 0.5 0.400709238314
172600 0.5 0.401750152406
172700 0.5 0.399633798501
172800 0.5 0.400507657633
172900 0.5 0.40447361371
173000 0.5 0.398757020804
173100 0.5 0.399406160158
173200 0.5 0.394201400076
173300 0.5 0.400643211644
173400 0.5 0.401768136563
173500 0.5 0.40902739763
173600 0.5 0.41606925735
173700 0.5 0.415395350865
173800 0.5 0.41434759494
173900 0.5 0.420741607959
174000 0.5 0.424560351067
174100 0.5 0.424402712464
174200 0.5 0.432459344991
174300 0.5 0.430415513239
174400 0.5 0.434549458781
174500 0.5 0.437518135662
174600 0.5 0.442483801269
174700 0.5 0.441342825599
174800 0.5 0.433441220408
174900 0.5 0.434413395637
175000 0.5 0.435974965666
175100 0.5 0.435257846647
175200 0.5 0.432391876471
175300 0.5 0.438858755667
175400 0.5 0.444968178384
175500 0.5 0.444052851299
175600 0.5 0.445715832123
175700 0.5 0.452037490681
175800 0.5 0.46173408925
175900 0.5 0.467167262364
176000 0.5 0.475021084274
176100 0.5 0.471941162482
176200 0.5 0.470758386945
176300 0.5 0.475617732001
176400 0.5 0.476016242139
176500 0.5 0.465172454438
176600 0.5 0.472078600552
176700 0.5 0.473152589905
176800 0.5 0.469504014354
176900 0.5 0.464095140044
177000 0.5 0.466058889242
177100 0.5 0.469384748399
177200 0.5 0.469924802694
177300 0.5 0.469936236843
177400 0.5 0.468026771198
177500 0.5 0.473844235475
177600 0.5 0.476062011387
177700 0.5 0.469689736128
177800 0.5 0.465338299661
177900 0.5 0.473555456818
178000 0.5 0.47709035715
178100 0.5 0.472548178814
178200 0.5 0.476868867944
178300 0.5 0.4732205382
178400 0.5 0.47626448768
178500 0.5 0.476887627959
178600 0.5 0.478771159674
178700 0.5 0.472527625117
178800 0.5 0.469122033672
178900 0.5 0.475526681996
179000 0.5 0.483181156054
179100 0.5 0.480096326851
179200 0.5 0.47652517602
179300 0.5 0.477925480758
179400 0.5 0.479890475874
179500 0.5 0.473748217759
179600 0.5 0.470262416805
179700 0.5 0.468323960828
179800 0.5 0.461860882108
179900 0.5 0.463349779728
180000 0.5 0.467419857602
180100 0.5 0.472466945446
180200 0.5 0.48351138242
180300 0.5 0.481651649986
180400 0.5 0.479502187721
180500 0.5 0.479140406621
180600 0.5 0.473553700225
180700 0.5 0.475428303623
180800 0.5 0.472790595703
180900 0.5 0.467849871041
181000 0.5 0.46299737483
181100 0.5 0.457316573345
181200 0.5 0.453822174602
181300 0.5 0.454898230044
181400 0.5 0.461229435894
181500 0.5 0.454905538299
181600 0.5 0.456048659694
181700 0.5 0.456264498385
181800 0.5 0.45809341893
181900 0.5 0.455922845451
182000 0.5 0.463176618151
182100 0.5 0.455829137858
182200 0.5 0.457237113195
182300 0.5 0.462090767979
182400 0.5 0.461040640963
182500 0.5 0.46989454706
182600 0.5 0.465911951319
182700 0.5 0.465930963119
182800 0.5 0.459845552539
182900 0.5 0.461455850753
183000 0.5 0.460821337804
183100 0.5 0.457201698843
183200 0.5 0.454288913707
183300 0.5 0.452777148259
183400 0.5 0.456704419968
183500 0.5 0.463310741796
183600 0.5 0.469316360114
183700 0.5 0.464183140128
183800 0.5 0.458391553978
183900 0.5 0.46273249139
184000 0.5 0.458088161038
184100 0.5 0.456857994862
184200 0.5 0.458632725261
184300 0.5 0.45748426325
184400 0.5 0.461096676583
184500 0.5 0.453908211654
184600 0.5 0.449224347888
184700 0.5 0.451411999378
184800 0.5 0.443674090176
184900 0.5 0.446938187168
185000 0.5 0.448767198137
185100 0.5 0.450494521409
185200 0.5 0.458041595609
185300 0.5 0.457253655834
185400 0.5 0.457460014165
185500 0.5 0.455517471092
185600 0.5 0.455441690217
185700 0.5 0.458561276491
185800 0.5 0.457118827782
185900 0.5 0.451025527215
186000 0.5 0.446276317813
186100 0.5 0.439386706063
186200 0.5 0.440378824997
186300 0.5 0.4423489384
186400 0.5 0.448003343564
186500 0.5 0.442827221335
186600 0.5 0.440461964138
186700 0.5 0.445824114692
186800 0.5 0.441235808078
186900 0.5 0.453777151336
187000 0.5 0.450715218809
187100 0.5 0.442092960493
187200 0.5 0.435117886452
187300 0.5 0.426879237073
187400 0.5 0.429862083151
187500 0.5 0.426095845681
187600 0.5 0.418957333775
187700 0.5 0.41715175764
187800 0.5 0.419952516893
187900 0.5 0.418828047751
188000 0.5 0.42434397411
188100 0.5 0.425016168322
188200 0.5 0.429005058707
188300 0.5 0.441487593878
188400 0.5 0.443519335972
188500 0.5 0.443158350184
188600 0.5 0.444026495403
188700 0.5 0.44794411247
188800 0.5 0.452935436601
188900 0.5 0.457136498199
189000 0.5 0.466716550056
189100 0.5 0.470433557652
189200 0.5 0.467795575235
189300 0.5 0.466448226471
189400 0.5 0.460519756675
189500 0.5 0.463264694495
189600 0.5 0.464238297656
189700 0.5 0.462287917893
189800 0.5 0.460922762356
189900 0.5 0.457763022744
190000 0.5 0.462728907781
190100 0.5 0.461608022196
190200 0.5 0.462194924211
190300 0.5 0.464469336618
190400 0.5 0.463265771351
190500 0.5 0.456799142513
190600 0.5 0.461881122042
190700 0.5 0.46675364012
190800 0.5 0.463670821467
190900 0.5 0.460605046199
191000 0.5 0.455538016421
191100 0.5 0.455643368366
191200 0.5 0.445565476591
191300 0.5 0.439553114196
191400 0.5 0.445752281446
191500 0.5 0.438597012103
191600 0.5 0.431818196977
191700 0.5 0.435758479475
191800 0.5 0.439167854455
191900 0.5 0.431722166445
192000 0.5 0.430539504932
192100 0.5 0.434937829801
192200 0.5 0.429790501137
192300 0.5 0.435399165801
192400 0.5 0.438770813835
192500 0.5 0.441715699485
192600 0.5 0.43943246355
192700 0.5 0.438647784218
192800 0.5 0.442685617906
192900 0.5 0.44009345287
193000 0.5 0.435779317245
193100 0.5 0.43678760589
193200 0.5 0.434671782714
193300 0.5 0.435388535058
193400 0.5 0.433056777839
193500 0.5 0.428609495057
193600 0.5 0.425663023019
193700 0.5 0.432839735554
193800 0.5 0.435138474386
193900 0.5 0.4323041313
194000 0.5 0.433291108528
194100 0.5 0.436626278514
194200 0.5 0.441511237696
194300 0.5 0.440824384987
194400 0.5 0.434764312455
194500 0.5 0.444983157669
194600 0.5 0.445637850667
194700 0.5 0.448155547298
194800 0.5 0.449175046806
194900 0.5 0.442027374427
195000 0.5 0.442917337468
195100 0.5 0.447327865438
195200 0.5 0.44647394339
195300 0.5 0.445972956989
195400 0.5 0.439741782024
195500 0.5 0.438097375907
195600 0.5 0.439666381543
195700 0.5 0.437519700328
195800 0.5 0.443835225711
195900 0.5 0.445796155867
196000 0.5 0.445893511595
196100 0.5 0.449323196669
196200 0.5 0.443978149154
196300 0.5 0.444204866157
196400 0.5 0.446050527297
196500 0.5 0.445259419755
196600 0.5 0.444702382392
196700 0.5 0.442432371542
196800 0.5 0.449385256688
196900 0.5 0.44887462045
197000 0.5 0.45503197874
197100 0.5 0.463047660601
197200 0.5 0.469711535383
197300 0.5 0.467097945201
197400 0.5 0.474934658644
197500 0.5 0.474506403223
197600 0.5 0.476259224332
197700 0.5 0.477441813668
197800 0.5 0.46941341983
197900 0.5 0.474513174185
198000 0.5 0.47288429046
198100 0.5 0.475119649122
198200 0.5 0.472663632524
198300 0.5 0.47279476155
198400 0.5 0.467343467656
198500 0.5 0.46814022152
198600 0.5 0.473900930099
198700 0.5 0.469673342728
198800 0.5 0.468735368394
198900 0.5 0.467288228631
199000 0.5 0.475494470864
199100 0.5 0.474332851345
199200 0.5 0.477194148646
199300 0.5 0.468379685236
199400 0.5 0.466150940975
199500 0.5 0.465449353466
199600 0.5 0.466594016048
199700 0.5 0.465738612889
199800 0.5 0.462261092524
199900 0.5 0.462046353971
200000 0.5 0.460923721714
