100 0.1 0.101162002325
200 0.1 0.102713974905
300 0.1 0.101784494411
400 0.1 0.101244687622
500 0.1 0.102645264252
600 0.1 0.102278200601
700 0.1 0.102895602034
800 0.1 0.101914061016
900 0.1 0.102139177953
1000 0.1 0.101735663164
1100 0.1 0.101861191633
1200 0.1 0.103868748291
1300 0.1 0.103651180049
1400 0.1 0.104091883528
1500 0.1 0.105170047834
1600 0.1 0.106603568189
1700 0.1 0.107270269192
1800 0.1 0.106346314958
1900 0.1 0.104337711269
2000 0.1 0.102968607382
2100 0.1 0.101996244013
2200 0.1 0.103329738971
2300 0.1 0.102930165397
2400 0.1 0.102974602664
2500 0.1 0.102800967413
2600 0.1 0.104393208218
2700 0.1 0.104343279643
2800 0.1 0.104181046942
2900 0.1 0.103080616875
3000 0.1 0.102335967768
3100 0.1 0.101817414999
3200 0.1 0.103538675833
3300 0.1 0.103801403449
3400 0.1 0.102951143384
3500 0.1 0.103680728003
3600 0.1 0.105144793183
3700 0.1 0.103282227783
3800 0.1 0.105117220914
3900 0.1 0.103805652117
4000 0.1 0.102977747866
4100 0.1 0.103066425262
4200 0.1 0.102236410524
4300 0.1 0.101130162387
4400 0.1 0.0986522928078
4500 0.1 0.101147948598
4600 0.1 0.0998579504549
4700 0.1 0.100827942041
4800 0.1 0.10099836124
4900 0.1 0.101189383266
5000 0.1 0.101950734435
5100 0.1 0.101756440816
5200 0.1 0.100331440137
5300 0.1 0.0995889591522
5400 0.1 0.100794494619
5500 0.1 0.100016254043
5600 0.1 0.0998533357096
5700 0.1 0.100203750327
5800 0.1 0.0991260891896
5900 0.1 0.0986041574726
6000 0.1 0.0998067601088
6100 0.1 0.0989769023069
6200 0.1 0.0988530244653
6300 0.1 0.100040570597
6400 0.1 0.10088664823
6500 0.1 0.100906536816
6600 0.1 0.100184348596
6700 0.1 0.100266166249
6800 0.1 0.0995956988507
6900 0.1 0.0990433169309
7000 0.1 0.0993501808896
7100 0.1 0.100747437252
7200 0.1 0.101208813112
7300 0.1 0.101688892975
7400 0.1 0.100608972597
7500 0.1 0.100084641771
7600 0.1 0.100013404155
7700 0.1 0.100369768587
7800 0.1 0.100493970488
7900 0.1 0.101826769899
8000 0.1 0.101450944746
8100 0.1 0.101281772794
8200 0.1 0.102645923106
8300 0.1 0.101413219478
8400 0.1 0.100176035005
8500 0.1 0.0992482601592
8600 0.1 0.0984222315775
8700 0.1 0.100025634826
8800 0.1 0.099273470482
8900 0.1 0.0982837218584
9000 0.1 0.0979758000833
9100 0.1 0.099097706818
9200 0.1 0.0984862636437
9300 0.1 0.0978238200767
9400 0.1 0.0981535233714
9500 0.1 0.0982205706251
9600 0.1 0.0980400856496
9700 0.1 0.0974306259372
9800 0.1 0.0974392524293
9900 0.1 0.0992406043935
10000 0.1 0.0989299040306
10100 0.1 0.100383584838
10200 0.1 0.102203604247
10300 0.1 0.103201264534
10400 0.1 0.103890426913
10500 0.1 0.104093416527
10600 0.1 0.104976738012
10700 0.1 0.106847910522
10800 0.1 0.108754741587
10900 0.1 0.108644969337
11000 0.1 0.108109578913
11100 0.1 0.108414011813
11200 0.1 0.107928719729
11300 0.1 0.108140077239
11400 0.1 0.108343102726
11500 0.1 0.109075461936
11600 0.1 0.110786030869
11700 0.1 0.10998640753
11800 0.1 0.110585470551
11900 0.1 0.110695542195
12000 0.1 0.110187185856
12100 0.1 0.112478317039
12200 0.1 0.111892063997
12300 0.1 0.111948744287
12400 0.1 0.113411841437
12500 0.1 0.114342148689
12600 0.1 0.114401339677
12700 0.1 0.114828262417
12800 0.1 0.116124436692
12900 0.1 0.116598576155
13000 0.1 0.115209326352
13100 0.1 0.116765832825
13200 0.1 0.118499704845
13300 0.1 0.11858343091
13400 0.1 0.118597349011
13500 0.1 0.118597157354
13600 0.1 0.117414310414
13700 0.1 0.116955916668
13800 0.1 0.117164587049
13900 0.1 0.11687209335
14000 0.1 0.116946694267
14100 0.1 0.116254641442
14200 0.1 0.117420705745
14300 0.1 0.117507936265
14400 0.1 0.117635074215
14500 0.1 0.116865020261
14600 0.1 0.118095753619
14700 0.1 0.118521400706
14800 0.1 0.118241435447
14900 0.1 0.122113923042
15000 0.1 0.120695736697
15100 0.1 0.123368950849
15200 0.1 0.120420083052
15300 0.1 0.120901373192
15400 0.1 0.121406086631
15500 0.1 0.12356568232
15600 0.1 0.122835549033
15700 0.1 0.122393894194
15800 0.1 0.121424544705
15900 0.1 0.119519848061
16000 0.1 0.118941723623
16100 0.1 0.121576298441
16200 0.1 0.122689642604
16300 0.1 0.121782810699
16400 0.1 0.122991619066
16500 0.1 0.122281740703
16600 0.1 0.123329959822
16700 0.1 0.122102254086
16800 0.1 0.123802278479
16900 0.1 0.125004745687
17000 0.1 0.127193388268
17100 0.1 0.126538308013
17200 0.1 0.125446305368
17300 0.1 0.124468055916
17400 0.1 0.123720545552
17500 0.1 0.122297897488
17600 0.1 0.120682499503
17700 0.1 0.122202169588
17800 0.1 0.121646795905
17900 0.1 0.12010285566
18000 0.1 0.121734329877
18100 0.1 0.121965306815
18200 0.1 0.121623403988
18300 0.1 0.122189312496
18400 0.1 0.123760795356
18500 0.1 0.124458933111
18600 0.1 0.125608096877
18700 0.1 0.126090387819
18800 0.1 0.127673514744
18900 0.1 0.128573735619
19000 0.1 0.127667025795
19100 0.1 0.127779749279
19200 0.1 0.127878445
19300 0.1 0.13031701103
19400 0.1 0.131097678182
19500 0.1 0.130424480054
19600 0.1 0.131394737967
19700 0.1 0.133148076682
19800 0.1 0.134819263026
19900 0.1 0.135179472848
20000 0.1 0.135294105887
20100 0.1 0.135474592878
20200 0.1 0.135097121328
20300 0.1 0.13580000141
20400 0.1 0.134289248808
20500 0.1 0.135796436786
20600 0.1 0.135514256138
20700 0.1 0.134360572355
20800 0.1 0.135161441969
20900 0.1 0.135846578134
21000 0.1 0.136850362551
21100 0.1 0.13640950926
21200 0.1 0.137161191367
21300 0.1 0.137833580351
21400 0.1 0.13734101615
21500 0.1 0.139888546186
21600 0.1 0.137951676965
21700 0.1 0.136503582814
21800 0.1 0.136675737127
21900 0.1 0.137886426566
22000 0.1 0.138530630901
22100 0.1 0.138218093358
22200 0.1 0.140072512639
22300 0.1 0.142721601511
22400 0.1 0.146308541642
22500 0.1 0.14679605446
22600 0.1 0.144198700494
22700 0.1 0.142422710894
22800 0.1 0.143598222294
22900 0.1 0.14498743427
23000 0.1 0.146080318647
23100 0.1 0.145580804011
23200 0.1 0.142946129004
23300 0.1 0.143120725766
23400 0.1 0.143058799617
23500 0.1 0.141122297781
23600 0.1 0.140900987734
23700 0.1 0.141520016437
23800 0.1 0.139357196143
23900 0.1 0.138005197222
24000 0.1 0.138014758342
24100 0.1 0.136379848371
24200 0.1 0.13882993576
24300 0.1 0.137412938981
24400 0.1 0.134654239741
24500 0.1 0.135954927967
24600 0.1 0.136623945371
24700 0.1 0.136053405508
24800 0.1 0.136422752924
24900 0.1 0.137346458477
25000 0.1 0.136796299359
25100 0.1 0.137711103108
25200 0.1 0.137065218999
25300 0.1 0.136898813582
25400 0.1 0.138084780903
25500 0.1 0.137847610986
25600 0.1 0.139029567157
25700 0.1 0.138120192029
25800 0.1 0.137838902469
25900 0.1 0.137544757331
26000 0.1 0.137270392655
26100 0.1 0.137171024927
26200 0.1 0.135961840371
26300 0.1 0.136275442791
26400 0.1 0.134777368049
26500 0.1 0.134292273229
26600 0.1 0.134410208918
26700 0.1 0.135350995381
26800 0.1 0.135313416827
26900 0.1 0.136028862482
27000 0.1 0.13578264558
27100 0.1 0.134649696336
27200 0.1 0.135419853929
27300 0.1 0.135547504492
27400 0.1 0.135402085525
27500 0.1 0.133875494351
27600 0.1 0.133265305997
27700 0.1 0.137104397566
27800 0.1 0.135281082765
27900 0.1 0.135042537981
28000 0.1 0.134300754243
28100 0.1 0.135758525024
28200 0.1 0.136210244088
28300 0.1 0.137040231128
28400 0.1 0.137323046771
28500 0.1 0.138928245208
28600 0.1 0.139761308508
28700 0.1 0.138427885136
28800 0.1 0.138933523037
28900 0.1 0.140119636758
29000 0.1 0.140739820429
29100 0.1 0.141152470408
29200 0.1 0.142247005942
29300 0.1 0.142551434619
29400 0.1 0.143475022857
29500 0.1 0.144259410529
29600 0.1 0.142171811236
29700 0.1 0.141282827396
29800 0.1 0.141108445253
29900 0.1 0.141535093765
30000 0.1 0.141266395277
30100 0.1 0.142198321851
30200 0.1 0.144144177919
30300 0.1 0.143384566178
30400 0.1 0.144173715694
30500 0.1 0.143052114125
30600 0.1 0.143611537077
30700 0.1 0.142953588746
30800 0.1 0.143913176442
30900 0.1 0.142255925064
31000 0.1 0.14198147006
31100 0.1 0.142332518209
31200 0.1 0.143100669486
31300 0.1 0.145503847769
31400 0.1 0.146443065468
31500 0.1 0.148979516693
31600 0.1 0.150346273241
31700 0.1 0.150175451153
31800 0.1 0.150871116215
31900 0.1 0.151138178186
32000 0.1 0.149593645939
32100 0.1 0.149180808226
32200 0.1 0.149725386127
32300 0.1 0.149986374169
32400 0.1 0.147345968006
32500 0.1 0.149640980434
32600 0.1 0.149356264233
32700 0.1 0.147924223758
32800 0.1 0.147349480489
32900 0.1 0.146419670536
33000 0.1 0.145489185027
33100 0.1 0.145811723832
33200 0.1 0.143976026295
33300 0.1 0.146521846956
33400 0.1 0.145094462503
33500 0.1 0.146728951269
33600 0.1 0.146623031247
33700 0.1 0.145100861352
33800 0.1 0.146892775477
33900 0.1 0.146738249645
34000 0.1 0.144708805418
34100 0.1 0.146337961939
34200 0.1 0.146846755618
34300 0.1 0.149087105289
34400 0.1 0.148423010275
34500 0.1 0.146865014867
34600 0.1 0.145115218915
34700 0.1 0.144899591213
34800 0.1 0.142947724208
34900 0.1 0.14460377323
35000 0.1 0.145757828397
35100 0.1 0.145504781784
35200 0.1 0.148211744612
35300 0.1 0.150689564554
35400 0.1 0.151421356566
35500 0.1 0.151417609986
35600 0.1 0.152056238427
35700 0.1 0.152091053724
35800 0.1 0.152102336513
35900 0.1 0.152911666052
36000 0.1 0.152251246252
36100 0.1 0.153384647094
36200 0.1 0.153784233829
36300 0.1 0.155359588414
36400 0.1 0.155666733225
36500 0.1 0.154336286085
36600 0.1 0.154589628862
36700 0.1 0.158059461148
36800 0.1 0.157786430996
36900 0.1 0.15888988252
37000 0.1 0.160070904124
37100 0.1 0.160439821364
37200 0.1 0.156555639297
37300 0.1 0.155907767032
37400 0.1 0.15617197733
37500 0.1 0.155819116306
37600 0.1 0.155062702593
37700 0.1 0.153120785844
37800 0.1 0.151546545132
37900 0.1 0.151084894806
38000 0.1 0.150157435211
38100 0.1 0.150891434119
38200 0.1 0.149449854898
38300 0.1 0.148939799326
38400 0.1 0.148996998826
38500 0.1 0.147333305359
38600 0.1 0.148330038688
38700 0.1 0.149121544714
38800 0.1 0.14725384476
38900 0.1 0.147985881288
39000 0.1 0.146703772624
39100 0.1 0.149448806306
39200 0.1 0.147052863719
39300 0.1 0.14986577143
39400 0.1 0.148590110339
39500 0.1 0.147280906548
39600 0.1 0.144580028954
39700 0.1 0.144780852067
39800 0.1 0.143793488467
39900 0.1 0.140284559755
40000 0.1 0.142530504134
40100 0.1 0.142384279102
40200 0.1 0.144518986782
40300 0.1 0.144588821545
40400 0.1 0.144399797574
40500 0.1 0.144912067743
40600 0.1 0.147757787719
40700 0.1 0.145680091655
40800 0.1 0.145135878797
40900 0.1 0.145500373884
41000 0.1 0.142303363218
41100 0.1 0.140411790276
41200 0.1 0.140484420977
41300 0.1 0.141363064247
41400 0.1 0.142256492986
41500 0.1 0.141030680639
41600 0.1 0.142046497748
41700 0.1 0.139880300394
41800 0.1 0.141289192913
41900 0.1 0.140415576171
42000 0.1 0.141249798603
42100 0.1 0.14145117964
42200 0.1 0.139902484324
42300 0.1 0.140565208054
42400 0.1 0.142338265186
42500 0.1 0.142749744409
42600 0.1 0.142238221847
42700 0.1 0.145554875306
42800 0.1 0.144784568061
42900 0.1 0.14676973397
43000 0.1 0.146734490838
43100 0.1 0.146750958113
43200 0.1 0.148879279569
43300 0.1 0.149957654673
43400 0.1 0.149544946724
43500 0.1 0.150086686846
43600 0.1 0.150117529956
43700 0.1 0.150936800901
43800 0.1 0.153151375921
43900 0.1 0.156565893771
44000 0.1 0.159994697516
44100 0.1 0.158510214383
44200 0.1 0.159884678775
44300 0.1 0.159234190128
44400 0.1 0.157404457855
44500 0.1 0.157688626275
44600 0.1 0.156664610901
44700 0.1 0.156507600279
44800 0.1 0.155782040937
44900 0.1 0.155332898569
45000 0.1 0.154663452339
45100 0.1 0.155509794892
45200 0.1 0.153393905804
45300 0.1 0.153961430791
45400 0.1 0.152105418631
45500 0.1 0.149819399424
45600 0.1 0.150773888919
45700 0.1 0.151781751874
45800 0.1 0.150663101572
45900 0.1 0.150742744397
46000 0.1 0.152742639668
46100 0.1 0.151923628604
46200 0.1 0.149188932232
46300 0.1 0.149612149899
46400 0.1 0.149563320048
46500 0.1 0.149587852995
46600 0.1 0.152035386348
46700 0.1 0.152850169092
46800 0.1 0.151780024823
46900 0.1 0.152280077531
47000 0.1 0.1524391642
47100 0.1 0.152741831225
47200 0.1 0.153171425981
47300 0.1 0.155391189931
47400 0.1 0.157217065664
47500 0.1 0.156765829004
47600 0.1 0.153823518803
47700 0.1 0.155905808751
47800 0.1 0.15746915836
47900 0.1 0.1588483535
48000 0.1 0.159961631259
48100 0.1 0.156539133268
48200 0.1 0.157668993999
48300 0.1 0.159803843214
48400 0.1 0.162817569372
48500 0.1 0.16179471417
48600 0.1 0.163200100971
48700 0.1 0.162753712735
48800 0.1 0.163090142155
48900 0.1 0.162138062521
49000 0.1 0.162514878478
49100 0.1 0.162098036154
49200 0.1 0.165063662579
49300 0.1 0.164644649921
49400 0.1 0.163028366978
49500 0.1 0.163181113975
49600 0.1 0.163307698966
49700 0.1 0.163556214655
49800 0.1 0.164719902073
49900 0.1 0.163017022675
50000 0.1 0.161768373078
50100 0.1 0.163836591923
50200 0.1 0.162929493765
50300 0.1 0.162124880715
50400 0.1 0.160637178494
50500 0.1 0.159890448717
50600 0.1 0.15843552622
50700 0.1 0.160307759578
50800 0.1 0.160911893683
50900 0.1 0.162661666137
51000 0.1 0.163022592644
51100 0.1 0.162603774478
51200 0.1 0.164447669694
51300 0.1 0.165119214391
51400 0.1 0.167104860787
51500 0.1 0.166822028155
51600 0.1 0.168743335825
51700 0.1 0.166612935104
51800 0.1 0.16672097238
51900 0.1 0.165199085591
52000 0.1 0.164950275366
52100 0.1 0.164170091526
52200 0.1 0.163526451587
52300 0.1 0.163306709882
52400 0.1 0.164480926086
52500 0.1 0.163289301786
52600 0.1 0.163349184629
52700 0.1 0.162857293096
52800 0.1 0.161300341313
52900 0.1 0.163312435883
53000 0.1 0.165322751832
53100 0.1 0.16475838244
53200 0.1 0.162813062509
53300 0.1 0.162296974184
53400 0.1 0.160879929004
53500 0.1 0.160546057023
53600 0.1 0.159930829606
53700 0.1 0.158914414009
53800 0.1 0.158855824591
53900 0.1 0.157441687721
54000 0.1 0.157141122673
54100 0.1 0.158034666049
54200 0.1 0.158364639786
54300 0.1 0.156731672348
54400 0.1 0.159725745388
54500 0.1 0.159313394703
54600 0.1 0.158989386241
54700 0.1 0.158043619131
54800 0.1 0.157830861488
54900 0.1 0.158678309164
55000 0.1 0.157312138829
55100 0.1 0.155968177544
55200 0.1 0.155230534605
55300 0.1 0.155796372089
55400 0.1 0.155085182025
55500 0.1 0.156086023465
55600 0.1 0.159088889774
55700 0.1 0.157662101875
55800 0.1 0.157706414407
55900 0.1 0.158331810628
56000 0.1 0.157814877385
56100 0.1 0.161468840004
56200 0.1 0.16059724937
56300 0.1 0.162705270435
56400 0.1 0.161593718915
56500 0.1 0.161391860769
56600 0.1 0.162701590657
56700 0.1 0.163376692723
56800 0.1 0.16518870033
56900 0.1 0.165602650356
57000 0.1 0.165420556737
57100 0.1 0.169224430611
57200 0.1 0.168641969188
57300 0.1 0.16740205304
57400 0.1 0.16912940781
57500 0.1 0.169027066316
57600 0.1 0.168235294723
57700 0.1 0.169157111014
57800 0.1 0.169783265372
57900 0.1 0.171710248542
58000 0.1 0.171883472849
58100 0.1 0.17163130429
58200 0.1 0.171102633358
58300 0.1 0.169385851236
58400 0.1 0.171780109088
58500 0.1 0.16968716497
58600 0.1 0.172017539074
58700 0.1 0.175874307952
58800 0.1 0.176720334395
58900 0.1 0.176694612655
59000 0.1 0.175247698446
59100 0.1 0.175898346942
59200 0.1 0.175342020508
59300 0.1 0.177920536186
59400 0.1 0.178659454683
59500 0.1 0.177442103512
59600 0.1 0.177290225722
59700 0.1 0.178898798059
59800 0.1 0.179980720364
59900 0.1 0.179760718407
60000 0.1 0.179415813405
60100 0.1 0.17568385138
60200 0.1 0.175811965393
60300 0.1 0.177196436681
60400 0.1 0.177243451883
60500 0.1 0.176503919424
60600 0.1 0.175796531161
60700 0.1 0.178732242271
60800 0.1 0.180779383385
60900 0.1 0.182027012487
61000 0.1 0.179623632425
61100 0.1 0.180040535638
61200 0.1 0.179556183688
61300 0.1 0.180339698099
61400 0.1 0.181462704971
61500 0.1 0.18034027666
61600 0.1 0.181797662826
61700 0.1 0.182119236323
61800 0.1 0.185650216251
61900 0.1 0.187530542821
62000 0.1 0.185948273377
62100 0.1 0.186735852462
62200 0.1 0.189487823002
62300 0.1 0.188664704629
62400 0.1 0.189635707067
62500 0.1 0.188451785461
62600 0.1 0.184819124982
62700 0.1 0.18516539886
62800 0.1 0.18871107001
62900 0.1 0.188351088172
63000 0.1 0.188201645931
63100 0.1 0.185182302983
63200 0.1 0.183914147723
63300 0.1 0.185160839084
63400 0.1 0.18767280691
63500 0.1 0.187472846092
63600 0.1 0.185766944068
63700 0.1 0.186561493139
63800 0.1 0.183330075094
63900 0.1 0.184708352903
64000 0.1 0.185553366014
64100 0.1 0.186107796596
64200 0.1 0.189367223183
64300 0.1 0.187319918945
64400 0.1 0.191224942834
64500 0.1 0.187968759719
64600 0.1 0.188837512105
64700 0.1 0.190253356389
64800 0.1 0.192669078183
64900 0.1 0.193324023428
65000 0.1 0.196995679057
65100 0.1 0.192794546473
65200 0.1 0.19379142129
65300 0.1 0.194747388125
65400 0.1 0.198029676225
65500 0.1 0.196776428673
65600 0.1 0.196001734137
65700 0.1 0.197873848704
65800 0.1 0.19688332527
65900 0.1 0.19711491508
66000 0.1 0.196513286393
66100 0.1 0.19952531905
66200 0.1 0.202654728782
66300 0.1 0.202981698581
66400 0.1 0.203429084181
66500 0.1 0.202295336416
66600 0.1 0.201152324478
66700 0.1 0.200595373336
66800 0.1 0.200021956562
66900 0.1 0.198270330647
67000 0.1 0.199144557186
67100 0.1 0.200615992497
67200 0.1 0.197663892216
67300 0.1 0.197684215957
67400 0.1 0.195340839627
67500 0.1 0.192679368272
67600 0.1 0.194191453466
67700 0.1 0.194692708802
67800 0.1 0.193621905262
67900 0.1 0.190669546067
68000 0.1 0.19143015121
68100 0.1 0.193008713309
68200 0.1 0.194266215544
68300 0.1 0.193565912496
68400 0.1 0.190125353941
68500 0.1 0.190533613607
68600 0.1 0.192727714282
68700 0.1 0.192360086615
68800 0.1 0.194365230736
68900 0.1 0.196633027225
69000 0.1 0.196957580227
69100 0.1 0.19988948071
69200 0.1 0.198089079979
69300 0.1 0.199969078604
69400 0.1 0.198208532491
69500 0.1 0.197892527683
69600 0.1 0.196747586953
69700 0.1 0.193007212373
69800 0.1 0.192765376876
69900 0.1 0.189535974913
70000 0.1 0.18809950161
70100 0.1 0.188298717675
70200 0.1 0.189604430733
70300 0.1 0.193467228984
70400 0.1 0.194944810419
70500 0.1 0.193141153855
70600 0.1 0.192433460958
70700 0.1 0.197810862397
70800 0.1 0.19878250285
70900 0.1 0.201392937944
71000 0.1 0.200626364059
71100 0.1 0.199040379108
71200 0.1 0.203411630647
71300 0.1 0.202980922007
71400 0.1 0.199407662839
71500 0.1 0.197354621275
71600 0.1 0.198871613052
71700 0.1 0.196628286424
71800 0.1 0.195847387723
71900 0.1 0.195055299523
72000 0.1 0.194800541413
72100 0.1 0.196431243298
72200 0.1 0.195973744219
72300 0.1 0.194549971546
72400 0.1 0.194111945119
72500 0.1 0.193630235409
72600 0.1 0.194687363155
72700 0.1 0.195192254639
72800 0.1 0.192485386602
72900 0.1 0.189332714225
73000 0.1 0.189925501534
73100 0.1 0.188830595895
73200 0.1 0.191760622229
73300 0.1 0.193176531336
73400 0.1 0.19145453145
73500 0.1 0.189639854388
73600 0.1 0.187913284226
73700 0.1 0.185553637491
73800 0.1 0.185751332508
73900 0.1 0.18636744162
74000 0.1 0.184640105847
74100 0.1 0.182500178017
74200 0.1 0.181213557564
74300 0.1 0.179515910897
74400 0.1 0.179443144864
74500 0.1 0.178560515272
74600 0.1 0.178407183752
74700 0.1 0.177667549259
74800 0.1 0.177597278904
74900 0.1 0.178962660943
75000 0.1 0.180674719853
75100 0.1 0.178049097083
75200 0.1 0.176051064698
75300 0.1 0.175511158154
75400 0.1 0.173038107881
75500 0.1 0.173208304069
75600 0.1 0.172230996495
75700 0.1 0.171144933392
75800 0.1 0.170032601679
75900 0.1 0.170670938173
76000 0.1 0.172070347749
76100 0.1 0.172312258575
76200 0.1 0.172332905699
76300 0.1 0.171592007609
76400 0.1 0.173474189707
76500 0.1 0.171681263016
76600 0.1 0.174128244
76700 0.1 0.174882432796
76800 0.1 0.172339663737
76900 0.1 0.171215117034
77000 0.1 0.169703308376
77100 0.1 0.173595739483
77200 0.1 0.172681112642
77300 0.1 0.172071892616
77400 0.1 0.173066009341
77500 0.1 0.172323267051
77600 0.1 0.172042325246
77700 0.1 0.170250010764
77800 0.1 0.168374624168
77900 0.1 0.169097674802
78000 0.1 0.172003689511
78100 0.1 0.172381968665
78200 0.1 0.169684383865
78300 0.1 0.169245893227
78400 0.1 0.167126686814
78500 0.1 0.168381592286
78600 0.1 0.170633448627
78700 0.1 0.171936843407
78800 0.1 0.173822296034
78900 0.1 0.175191081235
79000 0.1 0.172510196483
79100 0.1 0.173556106082
79200 0.1 0.1723124038
79300 0.1 0.170772509207
79400 0.1 0.174596299284
79500 0.1 0.176311997629
79600 0.1 0.174863213775
79700 0.1 0.17604282742
79800 0.1 0.178181874391
79900 0.1 0.178002858697
80000 0.1 0.17732099742
80100 0.1 0.17975850325
80200 0.1 0.182178245422
80300 0.1 0.181930069132
80400 0.1 0.181103610628
80500 0.1 0.179140073556
80600 0.1 0.180096555846
80700 0.1 0.180276439103
80800 0.1 0.18164928113
80900 0.1 0.183164427897
81000 0.1 0.183242889595
81100 0.1 0.183467527585
81200 0.1 0.183197527065
81300 0.1 0.185075936798
81400 0.1 0.18702308948
81500 0.1 0.18578689894
81600 0.1 0.184663720048
81700 0.1 0.185772220886
81800 0.1 0.183410056605
81900 0.1 0.183987817113
82000 0.1 0.18320278233
82100 0.1 0.18348560102
82200 0.1 0.186954904831
82300 0.1 0.186992642453
82400 0.1 0.185171137171
82500 0.1 0.183581317915
82600 0.1 0.18437769641
82700 0.1 0.184190594621
82800 0.1 0.184669680215
82900 0.1 0.18665483019
83000 0.1 0.188978494983
83100 0.1 0.189959626703
83200 0.1 0.187938609705
83300 0.1 0.1846162656
83400 0.1 0.185617657093
83500 0.1 0.187403931715
83600 0.1 0.185640093361
83700 0.1 0.184736058414
83800 0.1 0.183226472449
83900 0.1 0.184084942557
84000 0.1 0.18223323908
84100 0.1 0.180669267035
84200 0.1 0.179607820005
84300 0.1 0.179114479088
84400 0.1 0.178626177215
84500 0.1 0.181305103935
84600 0.1 0.183035121343
84700 0.1 0.183809535112
84800 0.1 0.18352493998
84900 0.1 0.185131767209
85000 0.1 0.183429030348
85100 0.1 0.183054953541
85200 0.1 0.182806581603
85300 0.1 0.182700740015
85400 0.1 0.180927327522
85500 0.1 0.178762579173
85600 0.1 0.181653305793
85700 0.1 0.183293914345
85800 0.1 0.180655223126
85900 0.1 0.182211400599
86000 0.1 0.1819578838
86100 0.1 0.182196947317
86200 0.1 0.180772773668
86300 0.1 0.179092962886
86400 0.1 0.180577706357
86500 0.1 0.179942300485
86600 0.1 0.180449927403
86700 0.1 0.179843203447
86800 0.1 0.17637491766
86900 0.1 0.17451213534
87000 0.1 0.172027546244
87100 0.1 0.169308328474
87200 0.1 0.173358712645
87300 0.1 0.173093380114
87400 0.1 0.172260648961
87500 0.1 0.172025593476
87600 0.1 0.170435829596
87700 0.1 0.171012084579
87800 0.1 0.172668220152
87900 0.1 0.174766986316
88000 0.1 0.174643034181
88100 0.1 0.173582058026
88200 0.1 0.171756870427
88300 0.1 0.175807558801
88400 0.1 0.175762907968
88500 0.1 0.176957171814
88600 0.1 0.178386128137
88700 0.1 0.176858677719
88800 0.1 0.18003047357
88900 0.1 0.17967923778
89000 0.1 0.178528960195
89100 0.1 0.179070051747
89200 0.1 0.179071514606
89300 0.1 0.177409955694
89400 0.1 0.175743959807
89500 0.1 0.17653371818
89600 0.1 0.177942507933
89700 0.1 0.178432883751
89800 0.1 0.178578967424
89900 0.1 0.179562282339
90000 0.1 0.1815172296
90100 0.1 0.182843225071
90200 0.1 0.181459106506
90300 0.1 0.18200742047
90400 0.1 0.179167828035
90500 0.1 0.177490124808
90600 0.1 0.176130767421
90700 0.1 0.176205756628
90800 0.1 0.175666286934
90900 0.1 0.176419359299
91000 0.1 0.1796737353
91100 0.1 0.179264021308
91200 0.1 0.175362112782
91300 0.1 0.173631561613
91400 0.1 0.171833516025
91500 0.1 0.170799676072
91600 0.1 0.17378830684
91700 0.1 0.170577499969
91800 0.1 0.173173570146
91900 0.1 0.17304853731
92000 0.1 0.171849670909
92100 0.1 0.172411516624
92200 0.1 0.172504248222
92300 0.1 0.172581047712
92400 0.1 0.172515594781
92500 0.1 0.175147324809
92600 0.1 0.175294170385
92700 0.1 0.174980397649
92800 0.1 0.175530845394
92900 0.1 0.175069207596
93000 0.1 0.178416091646
93100 0.1 0.179493468057
93200 0.1 0.182148993588
93300 0.1 0.180957606646
93400 0.1 0.18199059883
93500 0.1 0.184137228229
93600 0.1 0.184204447653
93700 0.1 0.187047745973
93800 0.1 0.185220123642
93900 0.1 0.184910013733
94000 0.1 0.187646320744
94100 0.1 0.184630197239
94200 0.1 0.181126538701
94300 0.1 0.17871483179
94400 0.1 0.180508726864
94500 0.1 0.184204318038
94600 0.1 0.185340124885
94700 0.1 0.185181331729
94800 0.1 0.185292414807
94900 0.1 0.183478396037
95000 0.1 0.183538224154
95100 0.1 0.183833480326
95200 0.1 0.182794194926
95300 0.1 0.181966947686
95400 0.1 0.180326121714
95500 0.1 0.177818922226
95600 0.1 0.176576467778
95700 0.1 0.179478895065
95800 0.1 0.176953036212
95900 0.1 0.175974650339
96000 0.1 0.175982494061
96100 0.1 0.177052603759
96200 0.1 0.177929782071
96300 0.1 0.179377195493
96400 0.1 0.176866405129
96500 0.1 0.173908538499
96600 0.1 0.175910726532
96700 0.1 0.176087998511
96800 0.1 0.176665810274
96900 0.1 0.176286993922
97000 0.1 0.176414451436
97100 0.1 0.17346630826
97200 0.1 0.172784138024
97300 0.1 0.172787738332
97400 0.1 0.174894989623
97500 0.1 0.174887788477
97600 0.1 0.175622086401
97700 0.1 0.172908661086
97800 0.1 0.174102105482
97900 0.1 0.174792526166
98000 0.1 0.175946709006
98100 0.1 0.17445996914
98200 0.1 0.174016321449
98300 0.1 0.175213367805
98400 0.1 0.174372625622
98500 0.1 0.174416625584
98600 0.1 0.171912893396
98700 0.1 0.17136021472
98800 0.1 0.169822542618
98900 0.1 0.169859948798
99000 0.1 0.172641265324
99100 0.1 0.169482286961
99200 0.1 0.167339312769
99300 0.1 0.169907798251
99400 0.1 0.172060384947
99500 0.1 0.170097853889
99600 0.1 0.169558801644
99700 0.1 0.168850619759
99800 0.1 0.167446894972
99900 0.1 0.166158546893
100000 0.1 0.164399352456
100100 0.1 0.165322883407
100200 0.1 0.166013844064
100300 0.1 0.166464213744
100400 0.1 0.165246834186
100500 0.1 0.164153983712
100600 0.1 0.164037772582
100700 0.1 0.165552097893
100800 0.1 0.165793716778
100900 0.1 0.167025437509
101000 0.1 0.166820800887
101100 0.1 0.163894993632
101200 0.1 0.164127808713
101300 0.1 0.161750010208
101400 0.1 0.161016074395
101500 0.1 0.160589093635
101600 0.1 0.159445631747
101700 0.1 0.15696659312
101800 0.1 0.159102116269
101900 0.1 0.16000288869
102000 0.1 0.159701293452
102100 0.1 0.160730949154
102200 0.1 0.159749234808
102300 0.1 0.156330606055
102400 0.1 0.159683917983
102500 0.1 0.16049834122
102600 0.1 0.159522202324
102700 0.1 0.160093993145
102800 0.1 0.163066593573
102900 0.1 0.161828260162
103000 0.1 0.163031696433
103100 0.1 0.163724790344
103200 0.1 0.162013027833
103300 0.1 0.161423707361
103400 0.1 0.161621861581
103500 0.1 0.164153652502
103600 0.1 0.162703240403
103700 0.1 0.162539462776
103800 0.1 0.16369928908
103900 0.1 0.164835796799
104000 0.1 0.164278866845
104100 0.1 0.163030865353
104200 0.1 0.161435010637
104300 0.1 0.160319007985
104400 0.1 0.160709880819
104500 0.1 0.157555066398
104600 0.1 0.156276628888
104700 0.1 0.157822185619
104800 0.1 0.158044387804
104900 0.1 0.159929209489
105000 0.1 0.16143587128
105100 0.1 0.16287233733
105200 0.1 0.160598876341
105300 0.1 0.161083581301
105400 0.1 0.159657665639
105500 0.1 0.160463589314
105600 0.1 0.162396686043
105700 0.1 0.164882276296
105800 0.1 0.164145201566
105900 0.1 0.163215944861
106000 0.1 0.164562267829
106100 0.1 0.167174679419
106200 0.1 0.168517654136
106300 0.1 0.169050653702
106400 0.1 0.169780279509
106500 0.1 0.168056636737
106600 0.1 0.169262221422
106700 0.1 0.169050370017
106800 0.1 0.17056028292
106900 0.1 0.170983494003
107000 0.1 0.171048424267
107100 0.1 0.172295364994
107200 0.1 0.17336121405
107300 0.1 0.17148701016
107400 0.1 0.168658948284
107500 0.1 0.169054550835
107600 0.1 0.164980584056
107700 0.1 0.162039690803
107800 0.1 0.164343625704
107900 0.1 0.163264336231
108000 0.1 0.162260123022
108100 0.1 0.160173762203
108200 0.1 0.158330056954
108300 0.1 0.15748759441
108400 0.1 0.160104541343
108500 0.1 0.159535965826
108600 0.1 0.159209277487
108700 0.1 0.160560515861
108800 0.1 0.160659327643
108900 0.1 0.160652525139
109000 0.1 0.161240378565
109100 0.1 0.162444920398
109200 0.1 0.159907176496
109300 0.1 0.162359093062
109400 0.1 0.161466362139
109500 0.1 0.16157424657
109600 0.1 0.161806333146
109700 0.1 0.163248663035
109800 0.1 0.164138987363
109900 0.1 0.163314672516
110000 0.1 0.163663820609
110100 0.1 0.16211436336
110200 0.1 0.165165282302
110300 0.1 0.166428900607
110400 0.1 0.167842209857
110500 0.1 0.166378663112
110600 0.1 0.16571862192
110700 0.1 0.166606647983
110800 0.1 0.165341158665
110900 0.1 0.165532071485
111000 0.1 0.165164487164
111100 0.1 0.165821496311
111200 0.1 0.165612172683
111300 0.1 0.16865196346
111400 0.1 0.170418057101
111500 0.1 0.171475536987
111600 0.1 0.171927336645
111700 0.1 0.172752014436
111800 0.1 0.172737203402
111900 0.1 0.174447836438
112000 0.1 0.176459727694
112100 0.1 0.175599117992
112200 0.1 0.176378400415
112300 0.1 0.17608862829
112400 0.1 0.174775685084
112500 0.1 0.178071590798
112600 0.1 0.177570501826
112700 0.1 0.177088803612
112800 0.1 0.1774119129
112900 0.1 0.175801635569
113000 0.1 0.177338398808
113100 0.1 0.177838574399
113200 0.1 0.181612735219
113300 0.1 0.179770463974
113400 0.1 0.180057018672
113500 0.1 0.179503278457
113600 0.1 0.180269576881
113700 0.1 0.177617007796
113800 0.1 0.17520615306
113900 0.1 0.174274625222
114000 0.1 0.174397120904
114100 0.1 0.174909087953
114200 0.1 0.176148211336
114300 0.1 0.174605383384
114400 0.1 0.173488092479
114500 0.1 0.173759063584
114600 0.1 0.173740036022
114700 0.1 0.171802866701
114800 0.1 0.172111976411
114900 0.1 0.174061136085
115000 0.1 0.173609359304
115100 0.1 0.172716850192
115200 0.1 0.175160206126
115300 0.1 0.173266997114
115400 0.1 0.17170363145
115500 0.1 0.170225496303
115600 0.1 0.168577692009
115700 0.1 0.16867184464
115800 0.1 0.168104220987
115900 0.1 0.168091540505
116000 0.1 0.168556488523
116100 0.1 0.163792247818
116200 0.1 0.161809599525
116300 0.1 0.16088473917
116400 0.1 0.158799163194
116500 0.1 0.161197704927
116600 0.1 0.161226931079
116700 0.1 0.161822146787
116800 0.1 0.160484813119
116900 0.1 0.161118796357
117000 0.1 0.16300729728
117100 0.1 0.166088838204
117200 0.1 0.166783205055
117300 0.1 0.166438281854
117400 0.1 0.165862290721
117500 0.1 0.163917950402
117600 0.1 0.16383652819
117700 0.1 0.162364610044
117800 0.1 0.164670307749
117900 0.1 0.165983550423
118000 0.1 0.164587470639
118100 0.1 0.162250338725
118200 0.1 0.161674805978
118300 0.1 0.161689052379
118400 0.1 0.161126182281
118500 0.1 0.159133560695
118600 0.1 0.157966604308
118700 0.1 0.158198326494
118800 0.1 0.156824638503
118900 0.1 0.156662176305
119000 0.1 0.158512157556
119100 0.1 0.159327094792
119200 0.1 0.158558775115
119300 0.1 0.156452821284
119400 0.1 0.157478274288
119500 0.1 0.159736168625
119600 0.1 0.160135436189
119700 0.1 0.160583192964
119800 0.1 0.161308866284
119900 0.1 0.161556863128
120000 0.1 0.162217847758
120100 0.1 0.16370206161
120200 0.1 0.16313691487
120300 0.1 0.16234204298
120400 0.1 0.162966327029
120500 0.1 0.161417896353
120600 0.1 0.160672574626
120700 0.1 0.158354423458
120800 0.1 0.157904787563
120900 0.1 0.156828697725
121000 0.1 0.157828336717
121100 0.1 0.156513677263
121200 0.1 0.156336363115
121300 0.1 0.156655138518
121400 0.1 0.156907458697
121500 0.1 0.15744685563
121600 0.1 0.159531793749
121700 0.1 0.161225762959
121800 0.1 0.161008738527
121900 0.1 0.158984815709
122000 0.1 0.160109521585
122100 0.1 0.158976213467
122200 0.1 0.161175145001
122300 0.1 0.161508170443
122400 0.1 0.163116525238
122500 0.1 0.161350252999
122600 0.1 0.161585266462
122700 0.1 0.164077263573
122800 0.1 0.163524140419
122900 0.1 0.166900616476
123000 0.1 0.168780310018
123100 0.1 0.170028276337
123200 0.1 0.16791028499
123300 0.1 0.167740780873
123400 0.1 0.165694097112
123500 0.1 0.166694434264
123600 0.1 0.164972062217
123700 0.1 0.162979867018
123800 0.1 0.16751289251
123900 0.1 0.168982597624
124000 0.1 0.167482504005
124100 0.1 0.170206841106
124200 0.1 0.171755439481
124300 0.1 0.171096974863
124400 0.1 0.168845415653
124500 0.1 0.167431247056
124600 0.1 0.169522737922
124700 0.1 0.16773003906
124800 0.1 0.167339905583
124900 0.1 0.168504833099
125000 0.1 0.165697292065
125100 0.1 0.166953431394
125200 0.1 0.165333724949
125300 0.1 0.168457439115
125400 0.1 0.170623003752
125500 0.1 0.169403943611
125600 0.1 0.170448522303
125700 0.1 0.170496236883
125800 0.1 0.170346959156
125900 0.1 0.170046950132
126000 0.1 0.173062366077
126100 0.1 0.170957589162
126200 0.1 0.170975932782
126300 0.1 0.17022300298
126400 0.1 0.168992270294
126500 0.1 0.1672930137
126600 0.1 0.166829466492
126700 0.1 0.16859247931
126800 0.1 0.167494136731
126900 0.1 0.16836990952
127000 0.1 0.167512935044
127100 0.1 0.168151830513
127200 0.1 0.168421813691
127300 0.1 0.168732986458
127400 0.1 0.167755330936
127500 0.1 0.171286759276
127600 0.1 0.174850523044
127700 0.1 0.174444878261
127800 0.1 0.172841645447
127900 0.1 0.173523519987
128000 0.1 0.174688060423
128100 0.1 0.177669933065
128200 0.1 0.173953221985
128300 0.1 0.175684555127
128400 0.1 0.177927611905
128500 0.1 0.177290491402
128600 0.1 0.176677608837
128700 0.1 0.173043135796
128800 0.1 0.173180010319
128900 0.1 0.1726130339
129000 0.1 0.173323634468
129100 0.1 0.174358169346
129200 0.1 0.175063357592
129300 0.1 0.177102999535
129400 0.1 0.177532713251
129500 0.1 0.179862685302
129600 0.1 0.181670309052
129700 0.1 0.178402235721
129800 0.1 0.180113514909
129900 0.1 0.177165592428
130000 0.1 0.178379130418
130100 0.1 0.185159158187
130200 0.1 0.184216424733
130300 0.1 0.184898507803
130400 0.1 0.182655509013
130500 0.1 0.180488189461
130600 0.1 0.182433674716
130700 0.1 0.178814723627
130800 0.1 0.178581109242
130900 0.1 0.177410613844
131000 0.1 0.178669869806
131100 0.1 0.180529237957
131200 0.1 0.182843775237
131300 0.1 0.184219807938
131400 0.1 0.187538551573
131500 0.1 0.187036902228
131600 0.1 0.185583233022
131700 0.1 0.184085283978
131800 0.1 0.185189665611
131900 0.1 0.186121461005
132000 0.1 0.184862497665
132100 0.1 0.188000798284
132200 0.1 0.186575926018
132300 0.1 0.18861321988
132400 0.1 0.189513325067
132500 0.1 0.188656519414
132600 0.1 0.18755738316
132700 0.1 0.18772000154
132800 0.1 0.18801147531
132900 0.1 0.188996501547
133000 0.1 0.184637934044
133100 0.1 0.182619675685
133200 0.1 0.181809065695
133300 0.1 0.1815438332
133400 0.1 0.180642494767
133500 0.1 0.180840007118
133600 0.1 0.184081265202
133700 0.1 0.183785647959
133800 0.1 0.183036715245
133900 0.1 0.185276138287
134000 0.1 0.185863391644
134100 0.1 0.186011063334
134200 0.1 0.181107869935
134300 0.1 0.179676210508
134400 0.1 0.179705557214
134500 0.1 0.181137310317
134600 0.1 0.181004386888
134700 0.1 0.182947439027
134800 0.1 0.18190497529
134900 0.1 0.180846994685
135000 0.1 0.18243805475
135100 0.1 0.18478175469
135200 0.1 0.183356232029
135300 0.1 0.185484145832
135400 0.1 0.186173417642
135500 0.1 0.186871068516
135600 0.1 0.182995811235
135700 0.1 0.184610385369
135800 0.1 0.18600255857
135900 0.1 0.184193674064
136000 0.1 0.185550425168
136100 0.1 0.184721705652
136200 0.1 0.183566056623
136300 0.1 0.182193751763
136400 0.1 0.182444421883
136500 0.1 0.178715710503
136600 0.1 0.173214615752
136700 0.1 0.173802639795
136800 0.1 0.172440646683
136900 0.1 0.172074339465
137000 0.1 0.171418967075
137100 0.1 0.172114075188
137200 0.1 0.170285021771
137300 0.1 0.170894086731
137400 0.1 0.173705405743
137500 0.1 0.176605030658
137600 0.1 0.178025432307
137700 0.1 0.173476873768
137800 0.1 0.174089198305
137900 0.1 0.175134979699
138000 0.1 0.172944029408
138100 0.1 0.173643571723
138200 0.1 0.172466591687
138300 0.1 0.173049770956
138400 0.1 0.17345936638
138500 0.1 0.174869372661
138600 0.1 0.174572818254
138700 0.1 0.176664254178
138800 0.1 0.174973439449
138900 0.1 0.17482949415
139000 0.1 0.180780229008
139100 0.1 0.182377157504
139200 0.1 0.180973830304
139300 0.1 0.181281253105
139400 0.1 0.180958876413
139500 0.1 0.177912205424
139600 0.1 0.17770605891
139700 0.1 0.175019971532
139800 0.1 0.176281283888
139900 0.1 0.17604794542
140000 0.1 0.178106301792
140100 0.1 0.178939770026
140200 0.1 0.178656731463
140300 0.1 0.175950744388
140400 0.1 0.176421834795
140500 0.1 0.178818987262
140600 0.1 0.182965471307
140700 0.1 0.183245104189
140800 0.1 0.182334252591
140900 0.1 0.184154442501
141000 0.1 0.182867784804
141100 0.1 0.184675253616
141200 0.1 0.180951788346
141300 0.1 0.180267551686
141400 0.1 0.181442378444
141500 0.1 0.181076819469
141600 0.1 0.182287046381
141700 0.1 0.1823433537
141800 0.1 0.179091446256
141900 0.1 0.180233595274
142000 0.1 0.181586255188
142100 0.1 0.180064058374
142200 0.1 0.177368413936
142300 0.1 0.18098578455
142400 0.1 0.18092176999
142500 0.1 0.180271617543
142600 0.1 0.180249522071
142700 0.1 0.179170992437
142800 0.1 0.17947504622
142900 0.1 0.178739908099
143000 0.1 0.178958198877
143100 0.1 0.180590078961
143200 0.1 0.179735665661
143300 0.1 0.179654942505
143400 0.1 0.179620444113
143500 0.1 0.179855211346
143600 0.1 0.178308321945
143700 0.1 0.180131579892
143800 0.1 0.182706411439
143900 0.1 0.182214981332
144000 0.1 0.180212905754
144100 0.1 0.182160820557
144200 0.1 0.18131655389
144300 0.1 0.180598772655
144400 0.1 0.18039607241
144500 0.1 0.18029856943
144600 0.1 0.178928116719
144700 0.1 0.181061994509
144800 0.1 0.184925277064
144900 0.1 0.180103141325
145000 0.1 0.183085902863
145100 0.1 0.182450157303
145200 0.1 0.180925011756
145300 0.1 0.183549386038
145400 0.1 0.182703503124
145500 0.1 0.185179781674
145600 0.1 0.188726992086
145700 0.1 0.190014344476
145800 0.1 0.188409102112
145900 0.1 0.187074298918
146000 0.1 0.18733402122
146100 0.1 0.188264873309
146200 0.1 0.189937823107
146300 0.1 0.19110848891
146400 0.1 0.187648018924
146500 0.1 0.184779032146
146600 0.1 0.1857146608
146700 0.1 0.185602581884
146800 0.1 0.186840495819
146900 0.1 0.183961547151
147000 0.1 0.185866847766
147100 0.1 0.186287391965
147200 0.1 0.187805569631
147300 0.1 0.190953551415
147400 0.1 0.192939708812
147500 0.1 0.189084038829
147600 0.1 0.187383492788
147700 0.1 0.189060376097
147800 0.1 0.185276396927
147900 0.1 0.185307696165
148000 0.1 0.183916843985
148100 0.1 0.184753747155
148200 0.1 0.186406786724
148300 0.1 0.185876428647
148400 0.1 0.185548229183
148500 0.1 0.186185867147
148600 0.1 0.187884676258
148700 0.1 0.188040886028
148800 0.1 0.190364313972
148900 0.1 0.193642340472
149000 0.1 0.192937226058
149100 0.1 0.189678560218
149200 0.1 0.192266949022
149300 0.1 0.190075571904
149400 0.1 0.191174148799
149500 0.1 0.190197636192
149600 0.1 0.190091766281
149700 0.1 0.188711825294
149800 0.1 0.189796411022
149900 0.1 0.192168416132
150000 0.1 0.193392922344
150100 0.1 0.197177583395
150200 0.1 0.197570176662
150300 0.1 0.194909601096
150400 0.1 0.195692375309
150500 0.1 0.197551636657
150600 0.1 0.198092337374
150700 0.1 0.195132134014
150800 0.1 0.19542143677
150900 0.1 0.199515185912
151000 0.1 0.197496864731
151100 0.1 0.198323283022
151200 0.1 0.197286006796
151300 0.1 0.196439202364
151400 0.1 0.195634740149
151500 0.1 0.196392441787
151600 0.1 0.200049850896
151700 0.1 0.195925159226
151800 0.1 0.197605143917
151900 0.1 0.200354882572
152000 0.1 0.200629748878
152100 0.1 0.200295074177
152200 0.1 0.199726318437
152300 0.1 0.204140446756
152400 0.1 0.204367998773
152500 0.1 0.203115721038
152600 0.1 0.200961995719
152700 0.1 0.202734006872
152800 0.1 0.200544535279
152900 0.1 0.203003383823
153000 0.1 0.20045404453
153100 0.1 0.202144006505
153200 0.1 0.19961947523
153300 0.1 0.200588720818
153400 0.1 0.205022032038
153500 0.1 0.204698170908
153600 0.1 0.206987924015
153700 0.1 0.205572024352
153800 0.1 0.204501911159
153900 0.1 0.206657398371
154000 0.1 0.210042037742
154100 0.1 0.211723886316
154200 0.1 0.210486622299
154300 0.1 0.211785598493
154400 0.1 0.212261811138
154500 0.1 0.213074053292
154600 0.1 0.209287053675
154700 0.1 0.208762548337
154800 0.1 0.208394322431
154900 0.1 0.210965840439
155000 0.1 0.210660423156
155100 0.1 0.211971165016
155200 0.1 0.213547908842
155300 0.1 0.21718845281
155400 0.1 0.216366105219
155500 0.1 0.21307769764
155600 0.1 0.21423391385
155700 0.1 0.218035311114
155800 0.1 0.220238699228
155900 0.1 0.221549192829
156000 0.1 0.217694174701
156100 0.1 0.219738124327
156200 0.1 0.21906740626
156300 0.1 0.221367685407
156400 0.1 0.22395346601
156500 0.1 0.224057014056
156600 0.1 0.219638046395
156700 0.1 0.221151618936
156800 0.1 0.215127705572
156900 0.1 0.217918854521
157000 0.1 0.217473153031
157100 0.1 0.218181461385
157200 0.1 0.215840952909
157300 0.1 0.215108604697
157400 0.1 0.21497300424
157500 0.1 0.218378393749
157600 0.1 0.216954309602
157700 0.1 0.217013101483
157800 0.1 0.214482485258
157900 0.1 0.213323656072
158000 0.1 0.211486250593
158100 0.1 0.208470451082
158200 0.1 0.208472755167
158300 0.1 0.203531518368
158400 0.1 0.200771326837
158500 0.1 0.198438244761
158600 0.1 0.199198497222
158700 0.1 0.196464492107
158800 0.1 0.196185451033
158900 0.1 0.196105965225
159000 0.1 0.199309284871
159100 0.1 0.199119498482
159200 0.1 0.199662430203
159300 0.1 0.200442664122
159400 0.1 0.204400728845
159500 0.1 0.202454000885
159600 0.1 0.202474891919
159700 0.1 0.203561172584
159800 0.1 0.203033869896
159900 0.1 0.204939104693
160000 0.1 0.205524465126
160100 0.1 0.205002182757
160200 0.1 0.205434700416
160300 0.1 0.205490009627
160400 0.1 0.203472533354
160500 0.1 0.204517118795
160600 0.1 0.202943916172
160700 0.1 0.206334370742
160800 0.1 0.207165049834
160900 0.1 0.209928870914
161000 0.1 0.210350889732
161100 0.1 0.211349281284
161200 0.1 0.208731474002
161300 0.1 0.208659604303
161400 0.1 0.206185960254
161500 0.1 0.20246095861
161600 0.1 0.204125710075
161700 0.1 0.204735050055
161800 0.1 0.204647877385
161900 0.1 0.211769148291
162000 0.1 0.213582603376
162100 0.1 0.213599688388
162200 0.1 0.213540813729
162300 0.1 0.214274237408
162400 0.1 0.215068348268
162500 0.1 0.214500759102
162600 0.1 0.2176198996
162700 0.1 0.223558371285
162800 0.1 0.22981471437
162900 0.1 0.226218160517
163000 0.1 0.224293636527
163100 0.1 0.226382220054
163200 0.1 0.227989508267
163300 0.1 0.230429387627
163400 0.1 0.226875978323
163500 0.1 0.229525667624
163600 0.1 0.227611990544
163700 0.1 0.224695917463
163800 0.1 0.223094716696
163900 0.1 0.222313832972
164000 0.1 0.220877398503
164100 0.1 0.222477144381
164200 0.1 0.226528937489
164300 0.1 0.228173924075
164400 0.1 0.23067771561
164500 0.1 0.23676731272
164600 0.1 0.239391033448
164700 0.1 0.23655023858
164800 0.1 0.232580021445
164900 0.1 0.229607636765
165000 0.1 0.227765356674
165100 0.1 0.229119552765
165200 0.1 0.229040804988
165300 0.1 0.230799664803
165400 0.1 0.225471575903
165500 0.1 0.222776266426
165600 0.1 0.222915648368
165700 0.1 0.222891832976
165800 0.1 0.225294508857
165900 0.1 0.225145615931
166000 0.1 0.225731122413
166100 0.1 0.223237931811
166200 0.1 0.222279259532
166300 0.1 0.218864400442
166400 0.1 0.221882315342
166500 0.1 0.221024393635
166600 0.1 0.221597367467
166700 0.1 0.224997540988
166800 0.1 0.228543727048
166900 0.1 0.225246692609
167000 0.1 0.224603803605
167100 0.1 0.229287598112
167200 0.1 0.232758149237
167300 0.1 0.238406480351
167400 0.1 0.240278351176
167500 0.1 0.241195773505
167600 0.1 0.241237214367
167700 0.1 0.237550902746
167800 0.1 0.238809042726
167900 0.1 0.240748904499
168000 0.1 0.240718732827
168100 0.1 0.243768691647
168200 0.1 0.240120592091
168300 0.1 0.241742967911
168400 0.1 0.240826150917
168500 0.1 0.238481416255
168600 0.1 0.242024432023
168700 0.1 0.242560283845
168800 0.1 0.239375975131
168900 0.1 0.238617393429
169000 0.1 0.237174840748
169100 0.1 0.239841658358
169200 0.1 0.242572031284
169300 0.1 0.239677473643
169400 0.1 0.234709569254
169500 0.1 0.233981128245
169600 0.1 0.234510006416
169700 0.1 0.231605157575
169800 0.1 0.228358124717
169900 0.1 0.229987474286
170000 0.1 0.227330783531
170100 0.1 0.226284052524
170200 0.1 0.226602511125
170300 0.1 0.230338272632
170400 0.1 0.232809698394
170500 0.1 0.229614629147
170600 0.1 0.227551227591
170700 0.1 0.226084390254
170800 0.1 0.227692200946
170900 0.1 0.22710646297
171000 0.1 0.229151404959
171100 0.1 0.23039143582
171200 0.1 0.229764537921
171300 0.1 0.231811923572
171400 0.1 0.231103922562
171500 0.1 0.229493852228
171600 0.1 0.233041675933
171700 0.1 0.232300102522
171800 0.1 0.233384295595
171900 0.1 0.23273671277
172000 0.1 0.231191911312
172100 0.1 0.23163356844
172200 0.1 0.230949630897
172300 0.1 0.230466215112
172400 0.1 0.229065599431
172500 0.1 0.227200247167
172600 0.1 0.228078815996
172700 0.1 0.226026664399
172800 0.1 0.228837000846
172900 0.1 0.22403738631
173000 0.1 0.221764205804
173100 0.1 0.221358602871
173200 0.1 0.221083621601
173300 0.1 0.219574072998
173400 0.1 0.221197856119
173500 0.1 0.222370950025
173600 0.1 0.221403575729
173700 0.1 0.221169311525
173800 0.1 0.226084207062
173900 0.1 0.227015440319
174000 0.1 0.228862741925
174100 0.1 0.225107836223
174200 0.1 0.228352851399
174300 0.1 0.22846701889
174400 0.1 0.230980905173
174500 0.1 0.23141496255
174600 0.1 0.229544842828
174700 0.1 0.231685785778
174800 0.1 0.232502159718
174900 0.1 0.234480996031
175000 0.1 0.230991670729
175100 0.1 0.229976874145
175200 0.1 0.226483326611
175300 0.1 0.225819165167
175400 0.1 0.223244842908
175500 0.1 0.22090764581
175600 0.1 0.215571143097
175700 0.1 0.216457386885
175800 0.1 0.214369431124
175900 0.1 0.214724842759
176000 0.1 0.215996581041
176100 0.1 0.216047461531
176200 0.1 0.215227577313
176300 0.1 0.211235130131
176400 0.1 0.210727602071
176500 0.1 0.212481584531
176600 0.1 0.212934480615
176700 0.1 0.214475807932
176800 0.1 0.214166389765
176900 0.1 0.21408355233
177000 0.1 0.212585868464
177100 0.1 0.208771757376
177200 0.1 0.211466505561
177300 0.1 0.213403713057
177400 0.1 0.213750529915
177500 0.1 0.217618878625
177600 0.1 0.217005199943
177700 0.1 0.219074177911
177800 0.1 0.219414079195
177900 0.1 0.221817653764
178000 0.1 0.221253555264
178100 0.1 0.221599830328
178200 0.1 0.220714548547
178300 0.1 0.215790137638
178400 0.1 0.216732188036
178500 0.1 0.216233905223
178600 0.1 0.220672811684
178700 0.1 0.21892744212
178800 0.1 0.220495503054
178900 0.1 0.222652606323
179000 0.1 0.220224032576
179100 0.1 0.219867255967
179200 0.1 0.222746566083
179300 0.1 0.221942120073
179400 0.1 0.222764028267
179500 0.1 0.215385352904
179600 0.1 0.214049745921
179700 0.1 0.216208855592
179800 0.1 0.212941499884
179900 0.1 0.212540360817
180000 0.1 0.213233199109
180100 0.1 0.216487535104
180200 0.1 0.2174394428
180300 0.1 0.219526915323
180400 0.1 0.219160801296
180500 0.1 0.21908552197
180600 0.1 0.217729311262
180700 0.1 0.219503397386
180800 0.1 0.215467699067
180900 0.1 0.214724139984
181000 0.1 0.217884865881
181100 0.1 0.216512562118
181200 0.1 0.217930180603
181300 0.1 0.217274972667
181400 0.1 0.216048434115
181500 0.1 0.214979427303
181600 0.1 0.216161849998
181700 0.1 0.219549961955
181800 0.1 0.22059841997
181900 0.1 0.217746945462
182000 0.1 0.216202183588
182100 0.1 0.212710858722
182200 0.1 0.21268357189
182300 0.1 0.215195957822
182400 0.1 0.215284525977
182500 0.1 0.214771419642
182600 0.1 0.21420736372
182700 0.1 0.215119385318
182800 0.1 0.21206897515
182900 0.1 0.208856325451
183000 0.1 0.209641418683
183100 0.1 0.209118337104
183200 0.1 0.207897025213
183300 0.1 0.207950512038
183400 0.1 0.206628340409
183500 0.1 0.208148237478
183600 0.1 0.207656522483
183700 0.1 0.209023562439
183800 0.1 0.212092982111
183900 0.1 0.212107703315
184000 0.1 0.211893960016
184100 0.1 0.216432118666
184200 0.1 0.216887596553
184300 0.1 0.214311082574
184400 0.1 0.213099586446
184500 0.1 0.215380120679
184600 0.1 0.211712038426
184700 0.1 0.208696204808
184800 0.1 0.207603447432
184900 0.1 0.209889863405
185000 0.1 0.211815142586
185100 0.1 0.215039877885
185200 0.1 0.2120187687
185300 0.1 0.217941752439
185400 0.1 0.215256610263
185500 0.1 0.212683606286
185600 0.1 0.216011951774
185700 0.1 0.21697729789
185800 0.1 0.218898403366
185900 0.1 0.221620869802
186000 0.1 0.221288766945
186100 0.1 0.220362366342
186200 0.1 0.220993039148
186300 0.1 0.219921678224
186400 0.1 0.221468335532
186500 0.1 0.219203368447
186600 0.1 0.219954907373
186700 0.1 0.219006038094
186800 0.1 0.22122856852
186900 0.1 0.22428147474
187000 0.1 0.2232435723
187100 0.1 0.22498233598
187200 0.1 0.223174654398
187300 0.1 0.219888925682
187400 0.1 0.223028338083
187500 0.1 0.22171991646
187600 0.1 0.224411426113
187700 0.1 0.224559176363
187800 0.1 0.227005683636
187900 0.1 0.224876381014
188000 0.1 0.226438896357
188100 0.1 0.229620745125
188200 0.1 0.2320155056
188300 0.1 0.229259927978
188400 0.1 0.228239651095
188500 0.1 0.228757821038
188600 0.1 0.233684332469
188700 0.1 0.237884848232
188800 0.1 0.240363452435
188900 0.1 0.245312984357
189000 0.1 0.2477671578
189100 0.1 0.246823067085
189200 0.1 0.244865730504
189300 0.1 0.245098684367
189400 0.1 0.245878716855
189500 0.1 0.244240974401
189600 0.1 0.247307730131
189700 0.1 0.24396961214
189800 0.1 0.241354499279
189900 0.1 0.240453360639
190000 0.1 0.237949609728
190100 0.1 0.236863762944
190200 0.1 0.240061830921
190300 0.1 0.240185315748
190400 0.1 0.244284885401
190500 0.1 0.245563755798
190600 0.1 0.246769088852
190700 0.1 0.247125666792
190800 0.1 0.246258981717
190900 0.1 0.246116007841
191000 0.1 0.246737338281
191100 0.1 0.248091266479
191200 0.1 0.246300960393
191300 0.1 0.243690721956
191400 0.1 0.243310241249
191500 0.1 0.244303774772
191600 0.1 0.245428894976
191700 0.1 0.244260826558
191800 0.1 0.246627425371
191900 0.1 0.246684737371
192000 0.1 0.246766586662
192100 0.1 0.245155976569
192200 0.1 0.246808908334
192300 0.1 0.247716471385
192400 0.1 0.248664455531
192500 0.1 0.251217827422
192600 0.1 0.249896472958
192700 0.1 0.253160059659
192800 0.1 0.252781027889
192900 0.1 0.249276303248
193000 0.1 0.248027928041
193100 0.1 0.24983325994
193200 0.1 0.253418500512
193300 0.1 0.253121894317
193400 0.1 0.248473118699
193500 0.1 0.253304459322
193600 0.1 0.256933197836
193700 0.1 0.257492432503
193800 0.1 0.261551548266
193900 0.1 0.265362185566
194000 0.1 0.267735594849
194100 0.1 0.272621303377
194200 0.1 0.269246106355
194300 0.1 0.267539502365
194400 0.1 0.265956137357
194500 0.1 0.266849131762
194600 0.1 0.265568651922
194700 0.1 0.264988838807
194800 0.1 0.270478519917
194900 0.1 0.271435848639
195000 0.1 0.269934591117
195100 0.1 0.276031232236
195200 0.1 0.276242047702
195300 0.1 0.277791904416
195400 0.1 0.275889834999
195500 0.1 0.275793912332
195600 0.1 0.27387143343
195700 0.1 0.272160208592
195800 0.1 0.272882828085
195900 0.1 0.281290015152
196000 0.1 0.287410865326
196100 0.1 0.289293215314
196200 0.1 0.28575246174
196300 0.1 0.290254202729
196400 0.1 0.290817791158
196500 0.1 0.29179517549
196600 0.1 0.294240157583
196700 0.1 0.292845770851
196800 0.1 0.291668185796
196900 0.1 0.289912840158
197000 0.1 0.291291616615
197100 0.1 0.292864435556
197200 0.1 0.287427230806
197300 0.1 0.289691566423
197400 0.1 0.295426641495
197500 0.1 0.298989788945
197600 0.1 0.298337930864
197700 0.1 0.298060942697
197800 0.1 0.295632385229
197900 0.1 0.293340987027
198000 0.1 0.293485110893
198100 0.1 0.291296029771
198200 0.1 0.294301033833
198300 0.1 0.297728320898
198400 0.1 0.296053993035
198500 0.1 0.296632964854
198600 0.1 0.298501448236
198700 0.1 0.301688981678
198800 0.1 0.303213539969
198900 0.1 0.303186877
199000 0.1 0.307498549478
199100 0.1 0.304567072814
199200 0.1 0.305687482557
199300 0.1 0.307176643626
199400 0.1 0.303751625274
199500 0.1 0.300080657186
199600 0.1 0.296227081211
199700 0.1 0.296229226313
199800 0.1 0.296314665106
199900 0.1 0.291778614229
200000 0.1 0.292822866079
