224.568068752,466.616447716,29.3603202092,0.0
93.0304120796,198.336279548,29.3603202092,0.0
361.657920841,321.404101208,29.3603202092,0.0
337.654280835,463.247827286,29.3603202092,0.0
251.788758348,162.248809653,29.3603202092,0.0
223.846922237,83.698299292,29.3603202092,0.0
46.132429362,285.792040815,29.3603202092,0.0
397.864587109,399.38584976,29.3603202092,0.0
293.323558878,274.282675383,29.3603202092,0.0
54.1226333608,113.107824367,29.3603202092,0.0
@ 1 10 0.103307335278
40.2148569011,100.137790386,29.8210204339,0.0
112.549185075,364.500020111,29.8210204339,0.0
134.930104049,69.7445913295,29.8210204339,0.0
306.183811306,265.951510212,29.8210204339,0.0
461.240905112,130.48086082,29.8210204339,0.0
421.332332771,256.12634308,29.8210204339,0.0
214.370019586,480.773808894,29.8210204339,0.0
470.613054034,381.328931489,29.8210204339,0.0
174.287779427,154.899027511,29.8210204339,0.0
46.6178603879,222.442285303,29.8210204339,0.0
@ 2 10 0.106574814293
63.0681183398,278.462225399,30.2733155786,0.0
420.637851105,358.665460307,30.2733155786,0.0
45.1569863222,155.33248421,30.2733155786,0.0
172.187260992,151.01205443,30.2733155786,0.0
69.6245459845,396.428211773,30.2733155786,0.0
223.160533365,46.0235610223,30.2733155786,0.0
137.498467765,223.020301854,30.2733155786,0.0
275.637510396,173.778838973,30.2733155786,0.0
128.942305932,91.8473734099,30.2733155786,0.0
61.0303473558,466.957874384,30.2733155786,0.0
@ 3 10 0.10983216898
239.740574854,52.9726602398,30.495708326,0.0
171.346668855,459.751415774,30.495708326,0.0
355.022258202,393.099703407,30.495708326,0.0
385.444045083,52.3528230106,30.495708326,0.0
467.016705473,376.776321896,30.495708326,0.0
263.484538356,116.225557932,30.495708326,0.0
159.646826992,399.474494123,30.495708326,0.0
349.212346842,275.279464187,30.495708326,0.0
81.6039970959,269.615254447,30.495708326,0.0
110.503518408,448.985209126,30.495708326,0.0
@ 4 10 0.111451786495
471.514723634,96.5356184476,30.9722508034,0.0
348.855088724,374.281827513,30.9722508034,0.0
102.560917311,136.156853878,30.9722508034,0.0
224.45589709,267.590339249,30.9722508034,0.0
409.043457725,411.905098198,30.9722508034,0.0
352.329212079,35.4523046581,30.9722508034,0.0
333.704229619,463.331860057,30.9722508034,0.0
291.979145826,260.282532465,30.9722508034,0.0
85.173699461,323.529321689,30.9722508034,0.0
161.944133614,346.251198421,30.9722508034,0.0
@ 5 10 0.114962213896
179.224071068,155.861965668,31.2341720235,0.0
325.472746621,44.7373997532,31.2341720235,0.0
166.721852228,322.2588228,31.2341720235,0.0
138.527144835,90.787733187,31.2341720235,0.0
206.05269799,265.041560455,31.2341720235,0.0
253.063028935,314.676221431,31.2341720235,0.0
86.8247052121,268.535159726,31.2341720235,0.0
372.28007629,120.741368314,31.2341720235,0.0
457.095228705,61.7916189211,31.2341720235,0.0
325.284173254,254.670153966,31.2341720235,0.0
@ 6 10 0.116914823842
198.17466388,186.841164769,31.4534650489,0.0
54.3445377056,190.063189034,31.4534650489,0.0
344.681828937,374.439974216,31.4534650489,0.0
312.902039888,51.0510114606,31.4534650489,0.0
147.322911137,258.493416527,31.4534650489,0.0
460.746617995,371.386488591,31.4534650489,0.0
105.977134135,420.513661029,31.4534650489,0.0
326.852234565,146.136568951,31.4534650489,0.0
413.018841381,263.658512211,31.4534650489,0.0
237.72327223,284.666986827,31.4534650489,0.0
@ 7 10 0.118562289245
419.751723076,336.712451956,31.8622636773,0.0
310.205394206,142.961774154,31.8622636773,0.0
380.947107159,258.116357637,31.8622636773,0.0
258.300751512,57.7839064749,31.8622636773,0.0
187.520329386,183.885576569,31.8622636773,0.0
111.24731346,403.670206678,31.8622636773,0.0
283.205932008,394.902801579,31.8622636773,0.0
467.635415669,274.121537782,31.8622636773,0.0
425.623883967,74.6833288967,31.8622636773,0.0
292.017666865,292.594203305,31.8622636773,0.0
@ 8 10 0.121664209464
456.100613186,91.5791669216,32.2810669287,0.0
225.518087201,150.753943002,32.2810669287,0.0
123.666118306,231.666221592,32.2810669287,0.0
216.831042609,286.169175853,32.2810669287,0.0
364.611863616,266.117275768,32.2810669287,0.0
269.749651758,462.143436073,32.2810669287,0.0
303.378759119,314.360248869,32.2810669287,0.0
432.483644214,293.179417901,32.2810669287,0.0
289.903847747,99.4468615476,32.2810669287,0.0
419.672057811,467.577539762,32.2810669287,0.0
@ 9 10 0.124883581262
341.123706644,459.213412066,32.4817492881,0.0
179.858485457,150.903643725,32.4817492881,0.0
174.776342972,419.258360652,32.4817492881,0.0
237.504421184,199.820327529,32.4817492881,0.0
425.394303369,316.643516838,32.4817492881,0.0
107.502495125,292.350881661,32.4817492881,0.0
211.728600538,266.335309613,32.4817492881,0.0
290.959408886,326.337907415,32.4817492881,0.0
425.285412809,197.827566359,32.4817492881,0.0
48.5896811008,376.916403795,32.4817492881,0.0
@ 10 10 0.126441140267
60.931015431,370.544661246,32.9726766567,0.0
256.314953153,92.362167632,32.9726766567,0.0
116.321789689,323.585153114,32.9726766567,0.0
375.412877623,140.435516244,32.9726766567,0.0
141.19311471,466.025441159,32.9726766567,0.0
99.2264830939,174.94642823,32.9726766567,0.0
307.237127463,343.434383517,32.9726766567,0.0
447.69298472,195.633369908,32.9726766567,0.0
477.280255065,279.175584452,32.9726766567,0.0
196.485806717,225.634266573,32.9726766567,0.0
@ 11 10 0.130292072236
127.366652417,360.295160221,33.3001574443,0.0
427.770927976,166.523420357,33.3001574443,0.0
214.394968784,50.4279860796,33.3001574443,0.0
345.142282223,96.7720873311,33.3001574443,0.0
312.053281905,293.803075894,33.3001574443,0.0
48.5694352561,316.296539782,33.3001574443,0.0
243.734245268,458.494348321,33.3001574443,0.0
352.155207996,420.064090727,33.3001574443,0.0
276.384106201,228.11598686,33.3001574443,0.0
199.229627467,134.826768059,33.3001574443,0.0
@ 12 10 0.132893015947
218.396008451,197.167423796,33.6429901499,0.0
228.74504676,81.5375263933,33.6429901499,0.0
86.7519105318,416.144719307,33.6429901499,0.0
297.2753628,74.6549138359,33.6429901499,0.0
450.57449595,343.407226543,33.6429901499,0.0
54.976077625,158.279883876,33.6429901499,0.0
376.166773962,56.0942282243,33.6429901499,0.0
302.560611865,465.309031212,33.6429901499,0.0
324.902256217,153.159572987,33.6429901499,0.0
35.8441888212,467.284474675,33.6429901499,0.0
@ 13 10 0.135643429241
340.141973158,262.735915708,34.1362681862,0.0
124.743379866,72.1506442362,34.1362681862,0.0
86.2326493505,353.092204716,34.1362681862,0.0
458.437856076,43.5119829679,34.1362681862,0.0
320.980206677,330.776481962,34.1362681862,0.0
473.793088502,232.632650863,34.1362681862,0.0
199.597092538,261.265069547,34.1362681862,0.0
214.888764051,191.589379246,34.1362681862,0.0
368.023436521,443.604339447,34.1362681862,0.0
291.837593162,435.272891076,34.1362681862,0.0
@ 14 10 0.139650233943
139.036869372,317.321171494,34.5501386735,0.0
364.97354483,168.671306408,34.5501386735,0.0
86.0723394485,467.423259025,34.5501386735,0.0
340.777442756,438.713368247,34.5501386735,0.0
453.028350415,463.313269994,34.5501386735,0.0
141.677933746,190.333882831,34.5501386735,0.0
54.0853499924,167.131782956,34.5501386735,0.0
44.5497423201,315.869494476,34.5501386735,0.0
215.604353277,274.903123372,34.5501386735,0.0
116.125026091,92.7762141074,34.5501386735,0.0
@ 15 10 0.143057019837
79.020891464,262.981851981,35.0069258287,0.0
416.289046963,396.693814391,35.0069258287,0.0
85.0326848804,338.096187414,35.0069258287,0.0
65.9256738582,183.673081778,35.0069258287,0.0
181.90588352,253.049759345,35.0069258287,0.0
121.295047757,92.7458837019,35.0069258287,0.0
182.036182932,433.065828034,35.0069258287,0.0
291.893475547,215.119983987,35.0069258287,0.0
276.252207227,384.318160907,35.0069258287,0.0
270.58914469,134.607032227,35.0069258287,0.0
@ 16 10 0.14686473727
201.242673943,265.220296659,35.3293808627,0.0
450.942417111,355.891762785,35.3293808627,0.0
36.4130475372,351.790372757,35.3293808627,0.0
86.3521423007,73.6488153208,35.3293808627,0.0
291.483399354,233.779144724,35.3293808627,0.0
207.488095971,154.42155745,35.3293808627,0.0
378.428902329,47.7848319362,35.3293808627,0.0
214.477505154,40.7831357691,35.3293808627,0.0
89.6787067827,230.095816102,35.3293808627,0.0
75.2307016177,156.719514171,35.3293808627,0.0
@ 17 10 0.149582792675
259.160440747,253.039056051,35.7137315643,0.0
149.249185882,374.84185341,35.7137315643,0.0
387.600098979,312.923833779,35.7137315643,0.0
246.787528453,40.0822367083,35.7137315643,0.0
167.262427209,96.5061283648,35.7137315643,0.0
331.668177703,190.385081333,35.7137315643,0.0
459.638657048,78.792753329,35.7137315643,0.0
75.4547713125,63.4566302545,35.7137315643,0.0
223.510675299,462.744354561,35.7137315643,0.0
142.68518815,468.266622388,35.7137315643,0.0
@ 18 10 0.15285513886
297.438211671,392.576887951,35.9743433866,0.0
185.293417727,241.690731072,35.9743433866,0.0
194.406975065,363.177090091,35.9743433866,0.0
325.31123489,163.365469416,35.9743433866,0.0
124.511535285,337.109807062,35.9743433866,0.0
464.366507374,83.162689513,35.9743433866,0.0
371.996683731,379.132016085,35.9743433866,0.0
52.798139687,94.5150273205,35.9743433866,0.0
253.327799469,291.234854221,35.9743433866,0.0
168.439510968,71.6412278431,35.9743433866,0.0
@ 19 10 0.155094120928
308.850158677,473.182927427,36.2886519021,0.0
385.414000115,388.828414394,36.2886519021,0.0
39.1248867178,369.086876565,36.2886519021,0.0
128.31133371,427.290355189,36.2886519021,0.0
198.012655389,372.6601703,36.2886519021,0.0
457.877966565,220.866910428,36.2886519021,0.0
470.150309412,379.016718228,36.2886519021,0.0
261.553002163,228.51394222,36.2886519021,0.0
173.222699757,268.215181731,36.2886519021,0.0
118.335601648,109.19820205,36.2886519021,0.0
@ 20 10 0.157816080624
69.0425197202,152.982306839,36.8900644094,0.0
400.614776288,270.577652462,36.8900644094,0.0
375.894673505,55.9486360802,36.8900644094,0.0
55.5325786742,462.468998017,36.8900644094,0.0
322.179492128,137.315570493,36.8900644094,0.0
447.030587244,78.7791947494,36.8900644094,0.0
126.445404685,395.593323719,36.8900644094,0.0
134.795024555,118.13097938,36.8900644094,0.0
141.619218442,237.186493532,36.8900644094,0.0
211.577947808,281.183514795,36.8900644094,0.0
@ 21 10 0.163090404888
424.088118525,168.286378037,37.3170682285,0.0
396.835067399,294.130483685,37.3170682285,0.0
420.354258234,52.5453739254,37.3170682285,0.0
265.389483614,401.159922134,37.3170682285,0.0
267.685521099,112.693879369,37.3170682285,0.0
225.744103548,43.230491639,37.3170682285,0.0
82.0906776772,185.934873862,37.3170682285,0.0
68.119521766,92.548801162,37.3170682285,0.0
99.3892524369,360.498723842,37.3170682285,0.0
126.56521928,248.424699812,37.3170682285,0.0
@ 22 10 0.166887810553
125.783904448,128.844800372,37.5761859928,0.0
212.552520646,462.664170071,37.5761859928,0.0
376.114398658,67.8985161709,37.5761859928,0.0
102.661164848,472.124777292,37.5761859928,0.0
467.44911004,182.051200847,37.5761859928,0.0
60.4288242898,79.7242470002,37.5761859928,0.0
100.444845322,205.414909041,37.5761859928,0.0
451.041644129,289.182256863,37.5761859928,0.0
365.132865839,148.807783058,37.5761859928,0.0
90.3531890244,327.989733557,37.5761859928,0.0
@ 23 10 0.169213487958
111.813008781,178.473746561,37.8563495891,0.0
353.408981889,343.890708645,37.8563495891,0.0
306.426384651,404.206215112,37.8563495891,0.0
38.1658786854,272.87959139,37.8563495891,0.0
467.161723052,218.062605,37.8563495891,0.0
241.327375519,145.709674229,37.8563495891,0.0
44.8129074481,84.4456351224,37.8563495891,0.0
413.149170466,293.317650329,37.8563495891,0.0
199.066322898,362.724168007,37.8563495891,0.0
215.697865431,462.261708246,37.8563495891,0.0
@ 24 10 0.17174616605
181.6548214,362.25444425,38.2643889008,0.0
249.392930156,408.037247003,38.2643889008,0.0
470.416719897,433.910626315,38.2643889008,0.0
197.790658198,121.913946451,38.2643889008,0.0
85.8985807742,313.371338205,38.2643889008,0.0
379.344408905,123.624383653,38.2643889008,0.0
333.7863343,209.462115765,38.2643889008,0.0
426.74079407,48.2044522887,38.2643889008,0.0
130.392653245,194.620055325,38.2643889008,0.0
57.2350211219,424.369695006,38.2643889008,0.0
@ 25 10 0.175468493571
259.102565339,68.0320727085,38.5319342572,0.0
350.972831067,122.688917405,38.5319342572,0.0
441.902010439,42.9904072326,38.5319342572,0.0
345.384862491,215.714618649,38.5319342572,0.0
56.6368196412,228.931495005,38.5319342572,0.0
318.319992076,441.238946706,38.5319342572,0.0
315.092283636,305.379221157,38.5319342572,0.0
141.187969017,210.509446303,38.5319342572,0.0
75.2440294154,68.3131784227,38.5319342572,0.0
126.148199534,387.586711869,38.5319342572,0.0
@ 26 10 0.17793083022
384.34546658,355.30063883,38.7199733841,0.0
311.480275825,56.6535039182,38.7199733841,0.0
273.175480335,137.752591584,38.7199733841,0.0
76.0406565304,372.250503661,38.7199733841,0.0
186.415450404,51.1267897841,38.7199733841,0.0
386.270727243,450.736301978,38.7199733841,0.0
225.994257518,303.661204519,38.7199733841,0.0
384.40421724,116.241469514,38.7199733841,0.0
85.4670150115,267.505877031,38.7199733841,0.0
51.6526504175,39.1571161989,38.7199733841,0.0
@ 27 10 0.17967170295
267.842095905,168.897587062,39.3240915746,0.0
382.835528354,116.407190299,39.3240915746,0.0
311.513103423,77.8804051016,39.3240915746,0.0
253.803950449,303.093938468,39.3240915746,0.0
123.299951838,55.7854837012,39.3240915746,0.0
332.16295789,242.897761728,39.3240915746,0.0
377.577341714,428.640984354,39.3240915746,0.0
455.425531478,272.79924443,39.3240915746,0.0
204.727368063,215.838181474,39.3240915746,0.0
52.5227493575,281.976045242,39.3240915746,0.0
@ 28 10 0.185322001277
437.853080367,93.5972521979,40.1335839862,0.0
365.600087695,186.802822089,40.1335839862,0.0
212.020552794,67.058144779,40.1335839862,0.0
92.6202146547,455.595880999,40.1335839862,0.0
76.7223183174,154.425666328,40.1335839862,0.0
266.000719421,422.83928091,40.1335839862,0.0
453.67037799,415.230020586,40.1335839862,0.0
336.609221788,311.689105208,40.1335839862,0.0
174.92193838,368.905331211,40.1335839862,0.0
52.2184937749,337.814440545,40.1335839862,0.0
@ 29 10 0.193030294414
444.83363302,194.409489872,40.2087615543,0.0
283.483444177,206.760135414,40.2087615543,0.0
137.805222816,209.733119619,40.2087615543,0.0
405.900929492,293.209714622,40.2087615543,0.0
337.804023118,436.821167048,40.2087615543,0.0
429.914261099,382.297763931,40.2087615543,0.0
97.0270851408,283.170574448,40.2087615543,0.0
347.414906491,109.217311443,40.2087615543,0.0
180.313284351,445.752759257,40.2087615543,0.0
201.673665646,329.285016456,40.2087615543,0.0
@ 30 10 0.193754134055
465.049419388,138.8792226,40.5970154733,0.0
262.05347779,88.5784815177,40.5970154733,0.0
180.676159747,98.6504958186,40.5970154733,0.0
468.37494592,374.420674879,40.5970154733,0.0
466.409962394,255.830333963,40.5970154733,0.0
446.003275901,59.7182554576,40.5970154733,0.0
71.8889120065,322.667900647,40.5970154733,0.0
111.630595232,144.755705626,40.5970154733,0.0
174.980502618,412.996132268,40.5970154733,0.0
382.177009107,341.339633598,40.5970154733,0.0
@ 31 10 0.197513960886
454.846437834,146.142291766,41.1326492413,0.0
317.995952803,138.614751584,41.1326492413,0.0
175.015691384,415.726364045,41.1326492413,0.0
348.084249152,250.325329787,41.1326492413,0.0
401.746086677,368.040965926,41.1326492413,0.0
206.129132442,198.396408138,41.1326492413,0.0
148.806153411,43.9110627575,41.1326492413,0.0
48.7479715227,56.1657028508,41.1326492413,0.0
285.726902376,442.435870858,41.1326492413,0.0
230.243081228,60.3613457807,41.1326492413,0.0
@ 32 10 0.202760310757
142.79242346,253.129717518,41.4137674314,0.0
245.152718075,55.7745955512,41.4137674314,0.0
445.308261208,161.656781232,41.4137674314,0.0
460.953626432,452.914299628,41.4137674314,0.0
255.476687101,287.150323184,41.4137674314,0.0
100.637024963,63.7555446627,41.4137674314,0.0
273.451743906,139.084866521,41.4137674314,0.0
43.9506331713,303.985743623,41.4137674314,0.0
464.84814449,322.710344418,41.4137674314,0.0
101.902050724,383.305799818,41.4137674314,0.0
@ 33 10 0.20554128366
191.273047575,259.735259015,41.8187139524,0.0
448.328347377,235.241339802,41.8187139524,0.0
273.106301912,118.515070967,41.8187139524,0.0
365.583771515,321.358308382,41.8187139524,0.0
95.726652685,302.819000938,41.8187139524,0.0
60.8461472754,214.712882867,41.8187139524,0.0
357.368981947,152.238908116,41.8187139524,0.0
125.672739473,158.331702841,41.8187139524,0.0
234.203899268,400.509709535,41.8187139524,0.0
126.268452047,464.865673226,41.8187139524,0.0
@ 34 10 0.209580527753
196.075846421,63.8617020889,41.8535917158,0.0
219.800450577,437.071610808,41.8535917158,0.0
439.170752959,43.4197172782,41.8535917158,0.0
326.055659509,227.475537426,41.8535917158,0.0
387.715268735,312.580457494,41.8535917158,0.0
249.785081617,305.57593405,41.8535917158,0.0
253.252256563,142.807596513,41.8535917158,0.0
99.7529507288,191.279415186,41.8535917158,0.0
70.7178367815,460.244678911,41.8535917158,0.0
150.245702313,355.4991432,41.8535917158,0.0
@ 35 10 0.209930263438
151.452669885,179.817716218,42.1410582621,0.0
429.249673675,466.555794974,42.1410582621,0.0
195.571112342,69.0289501374,42.1410582621,0.0
116.245335927,352.770093666,42.1410582621,0.0
455.391697275,222.870772852,42.1410582621,0.0
316.243376099,220.755092151,42.1410582621,0.0
344.874366495,355.333931097,42.1410582621,0.0
461.210770143,94.2105131203,42.1410582621,0.0
189.631910641,400.480477561,42.1410582621,0.0
214.055131251,292.447075981,42.1410582621,0.0
@ 36 10 0.212823930227
318.258596261,233.776903232,42.5321503192,0.0
207.465709607,357.487163702,42.5321503192,0.0
107.369771264,327.681918434,42.5321503192,0.0
312.634488335,398.193663949,42.5321503192,0.0
252.837820176,463.536596795,42.5321503192,0.0
146.564919157,197.596975324,42.5321503192,0.0
462.62092347,433.652770321,42.5321503192,0.0
226.421774796,153.067876001,42.5321503192,0.0
122.156590901,446.511745404,42.5321503192,0.0
462.432872445,268.385277009,42.5321503192,0.0
@ 37 10 0.216792505268
433.321040946,203.849901122,42.6016191218,0.0
88.4051341027,242.796571706,42.6016191218,0.0
316.466371681,87.3808066665,42.6016191218,0.0
193.101391388,158.765846101,42.6016191218,0.0
107.670590695,384.426916258,42.6016191218,0.0
78.4312159761,72.637495532,42.6016191218,0.0
304.371042619,468.314772561,42.6016191218,0.0
378.997837083,409.434359073,42.6016191218,0.0
58.8004870585,460.470863275,42.6016191218,0.0
458.183997272,92.1811109264,42.6016191218,0.0
@ 38 10 0.217501268631
399.885636078,138.804880266,42.6941233949,0.0
54.1161653098,259.142260101,42.6941233949,0.0
221.749561712,396.757762995,42.6941233949,0.0
363.756084123,281.267134564,42.6941233949,0.0
44.6149513721,467.080906493,42.6941233949,0.0
129.748702933,303.505933816,42.6941233949,0.0
233.77694105,111.224581958,42.6941233949,0.0
457.577758604,349.211833343,42.6941233949,0.0
353.526806131,411.170488846,42.6941233949,0.0
275.200329207,213.698194913,42.6941233949,0.0
@ 39 10 0.218446849622
405.436846115,209.368538629,42.6916846934,0.0
143.672083198,192.218040322,42.6916846934,0.0
459.035291228,124.988682919,42.6916846934,0.0
140.531228317,285.27637382,42.6916846934,0.0
287.181954512,339.172991155,42.6916846934,0.0
293.10741956,223.713162503,42.6916846934,0.0
248.641012365,149.780345238,42.6916846934,0.0
105.089022601,379.341274331,42.6916846934,0.0
255.165028014,468.381186923,42.6916846934,0.0
389.154711784,432.897273362,42.6916846934,0.0
@ 40 10 0.218421894831
466.389251597,448.735537473,42.9618290316,0.0
86.701005484,72.4125072819,42.9618290316,0.0
443.808047923,60.5459143266,42.9618290316,0.0
57.7710321281,153.403746405,42.9618290316,0.0
149.937892372,296.121235874,42.9618290316,0.0
358.766349087,194.955669668,42.9618290316,0.0
302.870885232,284.50178334,42.9618290316,0.0
66.1800114974,242.301695796,42.9618290316,0.0
335.363980689,381.157104252,42.9618290316,0.0
463.805446164,208.770022296,42.9618290316,0.0
@ 41 10 0.221194899733
442.616487862,327.117491866,42.9602471549,0.0
208.803438334,50.6647024143,42.9602471549,0.0
458.62378751,181.579734634,42.9602471549,0.0
158.433674651,133.40381169,42.9602471549,0.0
408.917944048,442.30759195,42.9602471549,0.0
118.486080889,260.266151187,42.9602471549,0.0
227.190245226,266.869802681,42.9602471549,0.0
169.016810583,466.271790169,42.9602471549,0.0
331.286536856,302.000045623,42.9602471549,0.0
454.151401498,60.7178515248,42.9602471549,0.0
@ 42 10 0.221178611013
215.561460151,398.701964056,43.1487962855,0.0
75.6271644955,195.846371271,43.1487962855,0.0
184.484482711,265.436841297,43.1487962855,0.0
435.722907954,92.8024447836,43.1487962855,0.0
400.163338103,458.626084197,43.1487962855,0.0
209.066406441,48.1318521982,43.1487962855,0.0
320.853326127,250.671849472,43.1487962855,0.0
55.8204286176,343.6606987,43.1487962855,0.0
262.770448283,117.881000256,43.1487962855,0.0
322.491548806,346.929603221,43.1487962855,0.0
@ 43 10 0.223124342392
275.001154019,408.666639705,43.2851416758,0.0
116.733379456,64.341723452,43.2851416758,0.0
255.905244959,272.988705388,43.2851416758,0.0
467.142759995,370.586581918,43.2851416758,0.0
142.646232791,193.855457895,43.2851416758,0.0
395.734661034,158.187521063,43.2851416758,0.0
444.972889932,237.355737583,43.2851416758,0.0
110.588077735,409.316416264,43.2851416758,0.0
395.754697869,58.5703992554,43.2851416758,0.0
67.7351234247,308.238966958,43.2851416758,0.0
@ 44 10 0.224536666406
191.291554239,297.845065787,43.9531719947,0.0
194.794716192,168.799260774,43.9531719947,0.0
56.6725067262,148.159759498,43.9531719947,0.0
435.993120426,103.249349033,43.9531719947,0.0
160.883041533,47.2101914498,43.9531719947,0.0
190.952748588,418.135688637,43.9531719947,0.0
464.188878385,352.711728422,43.9531719947,0.0
49.2917598846,335.673661365,43.9531719947,0.0
285.921324032,429.132483992,43.9531719947,0.0
82.0198250507,236.929785661,43.9531719947,0.0
@ 45 10 0.231520807742
197.929173893,304.620975614,44.4130512121,0.0
427.743704531,285.523563928,44.4130512121,0.0
53.6521720545,227.085804887,44.4130512121,0.0
379.348856257,365.561767447,44.4130512121,0.0
287.135178594,420.22698413,44.4130512121,0.0
108.144203769,438.610538185,44.4130512121,0.0
457.279335639,428.798073208,44.4130512121,0.0
261.765215445,189.464698863,44.4130512121,0.0
334.503555235,284.979838255,44.4130512121,0.0
114.934690651,83.1868942339,44.4130512121,0.0
@ 46 10 0.236390927727
191.190289572,47.4980806395,44.9041615419,0.0
431.907806107,421.115313544,44.9041615419,0.0
144.211315398,191.523862324,44.9041615419,0.0
83.2229431243,122.95603691,44.9041615419,0.0
83.5536560449,286.753024674,44.9041615419,0.0
124.410558565,393.161648373,44.9041615419,0.0
331.311421591,425.357164983,44.9041615419,0.0
400.567924659,97.7333926303,44.9041615419,0.0
264.003101249,157.114356367,44.9041615419,0.0
276.890921198,312.404752154,44.9041615419,0.0
@ 47 10 0.241647756301
359.47537555,261.691462593,44.9081015189,0.0
338.583303777,156.383169257,44.9081015189,0.0
167.069254748,116.773019275,44.9081015189,0.0
73.6036499945,45.7623869935,44.9081015189,0.0
70.9122817611,281.033877353,44.9081015189,0.0
100.567856151,374.980459822,44.9081015189,0.0
163.881834821,218.287559566,44.9081015189,0.0
360.543443672,46.9300612875,44.9081015189,0.0
436.520020879,127.057836238,44.9081015189,0.0
352.119236195,373.006175446,44.9081015189,0.0
@ 48 10 0.241690163434
446.386482155,269.608644063,45.2849344541,0.0
322.38266791,304.364677988,45.2849344541,0.0
235.94960013,89.203585623,45.2849344541,0.0
48.7802026933,88.5788535017,45.2849344541,0.0
429.252486845,446.223299982,45.2849344541,0.0
121.942474151,191.068908821,45.2849344541,0.0
233.41952504,259.312269837,45.2849344541,0.0
459.726254211,83.2310767581,45.2849344541,0.0
214.265106737,395.207509923,45.2849344541,0.0
121.438592899,394.785677991,45.2849344541,0.0
@ 49 10 0.245763323178
340.180495265,180.506777696,45.9558293525,0.0
386.108505798,390.197825081,45.9558293525,0.0
463.213613274,171.752358187,45.9558293525,0.0
121.864608708,54.526665269,45.9558293525,0.0
417.931788691,270.186654696,45.9558293525,0.0
86.2408817905,287.432597081,45.9558293525,0.0
463.073703788,68.3934402144,45.9558293525,0.0
251.668937912,76.321321192,45.9558293525,0.0
237.111209672,256.329281571,45.9558293525,0.0
251.787779674,347.716035057,45.9558293525,0.0
@ 50 10 0.253099216135
205.032096451,129.319293494,46.0083937849,0.0
407.423266369,266.691369442,46.0083937849,0.0
331.890462427,104.921249546,46.0083937849,0.0
185.52073499,442.616961256,46.0083937849,0.0
144.279968033,353.193105566,46.0083937849,0.0
56.6900165439,400.579587435,46.0083937849,0.0
462.381210139,46.3710976861,46.0083937849,0.0
280.419659005,206.577240537,46.0083937849,0.0
131.699616898,246.03976711,46.0083937849,0.0
286.395693234,385.06334249,46.0083937849,0.0
@ 51 10 0.253678538733
145.257130988,394.961716078,46.0162764129,0.0
394.320471818,425.793148404,46.0162764129,0.0
278.076428259,70.772469225,46.0162764129,0.0
74.4004617612,291.465063056,46.0162764129,0.0
391.795898272,240.599690819,46.0162764129,0.0
297.74055133,222.896642422,46.0162764129,0.0
445.340095157,131.220370447,46.0162764129,0.0
89.0068577058,136.334586336,46.0162764129,0.0
143.680476692,47.7252833155,46.0162764129,0.0
283.109642279,435.573150214,46.0162764129,0.0
@ 52 10 0.253765471777
260.223226738,447.669378318,45.8366425465,0.0
364.639454959,251.155230399,45.8366425465,0.0
455.964803891,202.803873688,45.8366425465,0.0
48.9428044535,281.228818988,45.8366425465,0.0
455.059463374,67.6029872065,45.8366425465,0.0
196.694473733,172.419704957,45.8366425465,0.0
238.872227121,295.323429455,45.8366425465,0.0
194.918720912,46.2604906101,45.8366425465,0.0
358.801004705,131.071442012,45.8366425465,0.0
449.750825838,435.347184067,45.8366425465,0.0
@ 53 10 0.251788088924
86.0915138172,432.604079384,46.3570531199,0.0
420.785549089,396.522036303,46.3570531199,0.0
359.785737607,68.9673613625,46.3570531199,0.0
78.9010855308,91.8347402324,46.3570531199,0.0
270.223645083,150.823059979,46.3570531199,0.0
362.516197554,285.497325721,46.3570531199,0.0
314.703507143,460.999413793,46.3570531199,0.0
59.7829911984,340.411025936,46.3570531199,0.0
180.669074941,234.983168999,46.3570531199,0.0
280.424026798,333.099914748,46.3570531199,0.0
@ 54 10 0.257537944285
127.347631735,223.242827963,47.2487678351,0.0
224.471343756,454.092574621,47.2487678351,0.0
344.271426424,69.1473424393,47.2487678351,0.0
121.701880177,107.839563979,47.2487678351,0.0
243.578380778,111.928042799,47.2487678351,0.0
343.306910757,169.141381617,47.2487678351,0.0
451.770556744,300.472422375,47.2487678351,0.0
282.04762644,294.2083635,47.2487678351,0.0
133.789857495,357.29315632,47.2487678351,0.0
241.183861588,208.978656073,47.2487678351,0.0
@ 55 10 0.267541130971
280.034705218,205.111902994,47.5196128941,0.0
181.524580876,276.449681116,47.5196128941,0.0
76.9937104034,148.294113961,47.5196128941,0.0
50.3631493685,375.143534619,47.5196128941,0.0
372.356393956,155.171675691,47.5196128941,0.0
179.046034082,105.276053556,47.5196128941,0.0
312.450285823,70.4542074725,47.5196128941,0.0
457.235521757,409.195555196,47.5196128941,0.0
270.718433633,452.673134963,47.5196128941,0.0
334.179019523,343.557456548,47.5196128941,0.0
@ 56 10 0.270617185013
89.386059741,326.478170814,48.0035591332,0.0
171.706547098,68.2840302938,48.0035591332,0.0
301.596534177,258.508814021,48.0035591332,0.0
143.624927963,432.330844987,48.0035591332,0.0
399.505644052,222.457089493,48.0035591332,0.0
72.9204183597,88.2867179377,48.0035591332,0.0
254.259699207,119.559161786,48.0035591332,0.0
410.486129825,395.415816762,48.0035591332,0.0
276.257173281,420.144408228,48.0035591332,0.0
215.608044832,331.006747854,48.0035591332,0.0
@ 57 10 0.276157257391
318.774888133,101.5859481,48.4688618287,0.0
135.61022387,355.345216371,48.4688618287,0.0
170.034569419,136.836430409,48.4688618287,0.0
231.961189303,461.144622139,48.4688618287,0.0
317.173981346,370.372784899,48.4688618287,0.0
349.014914466,197.217936089,48.4688618287,0.0
460.755989849,147.678052362,48.4688618287,0.0
422.219735243,442.716279276,48.4688618287,0.0
449.999045778,269.523639099,48.4688618287,0.0
51.6902154916,452.628663482,48.4688618287,0.0
@ 58 10 0.281536836887
89.2667839594,59.928695924,48.4529434399,0.0
219.029308941,384.222667605,48.4529434399,0.0
314.984857565,411.933734681,48.4529434399,0.0
292.109102017,78.7935561065,48.4529434399,0.0
230.788774418,253.946650296,48.4529434399,0.0
449.984909508,225.890758125,48.4529434399,0.0
186.099202437,108.189907823,48.4529434399,0.0
442.10141081,116.946233801,48.4529434399,0.0
423.659710724,343.505304686,48.4529434399,0.0
82.4312528744,186.099637749,48.4529434399,0.0
@ 59 10 0.28135193975
189.356959132,208.980887174,49.135700928,0.0
148.448624344,310.662827876,49.135700928,0.0
365.042309354,360.53718571,49.135700928,0.0
296.548795788,190.173718245,49.135700928,0.0
65.6994353095,172.394038199,49.135700928,0.0
429.539300618,180.00677418,49.135700928,0.0
286.220617132,298.498665715,49.135700928,0.0
340.45438064,100.416536237,49.135700928,0.0
180.586862817,457.371737565,49.135700928,0.0
79.165368962,438.655500893,49.135700928,0.0
@ 60 10 0.289336947482
298.535611256,55.5140587028,48.885090348,0.0
185.882745583,293.016954115,48.885090348,0.0
317.141319724,320.011924097,48.885090348,0.0
72.0624058395,257.16555722,48.885090348,0.0
118.666656987,61.2853549047,48.885090348,0.0
311.697240853,446.900862076,48.885090348,0.0
320.932297333,168.051039284,48.885090348,0.0
403.188122302,113.200589631,48.885090348,0.0
455.387209757,452.616579166,48.885090348,0.0
74.4152225986,418.897503602,48.885090348,0.0
@ 61 10 0.286393019445
331.50157469,197.824082477,49.4242875183,0.0
107.531243651,99.6952579877,49.4242875183,0.0
418.200943044,143.147933124,49.4242875183,0.0
158.716815397,230.731624467,49.4242875183,0.0
333.099598318,75.3233762335,49.4242875183,0.0
50.1867694073,329.976622528,49.4242875183,0.0
240.187115471,151.769090687,49.4242875183,0.0
192.46048162,335.377241567,49.4242875183,0.0
339.04721608,441.783929131,49.4242875183,0.0
71.7326733427,456.281012164,49.4242875183,0.0
@ 62 10 0.292745628598
323.380662906,313.700712778,49.5900327609,0.0
212.27862601,187.203008663,49.5900327609,0.0
306.590545581,51.4441846146,49.5900327609,0.0
318.860896127,158.657411278,49.5900327609,0.0
437.498374569,135.750805391,49.5900327609,0.0
55.3593815002,347.935756744,49.5900327609,0.0
192.5244304,66.0736862706,49.5900327609,0.0
360.213621542,421.258157765,49.5900327609,0.0
444.375171803,317.003284997,49.5900327609,0.0
225.046512501,346.546100143,49.5900327609,0.0
@ 63 10 0.294712376366
293.760877619,283.593674606,49.8528525765,0.0
141.145825763,315.013151146,49.8528525765,0.0
442.707669605,84.6830883711,49.8528525765,0.0
311.162715561,143.50497662,49.8528525765,0.0
459.00783408,241.666557331,49.8528525765,0.0
211.827375957,424.472384636,49.8528525765,0.0
232.281898816,50.1902933194,49.8528525765,0.0
347.676653365,435.829881519,49.8528525765,0.0
435.78472601,377.901288141,49.8528525765,0.0
61.4047936418,460.903547935,49.8528525765,0.0
@ 64 10 0.297844518106
94.3295046214,298.020419332,50.1972330597,0.0
172.234309592,113.770068104,50.1972330597,0.0
405.311213077,439.306862006,50.1972330597,0.0
461.54071468,111.563809875,50.1972330597,0.0
283.130365033,411.849385947,50.1972330597,0.0
238.386186217,234.276816984,50.1972330597,0.0
336.7405031,68.1090702392,50.1972330597,0.0
403.85468118,215.866644963,50.1972330597,0.0
432.710955821,342.010228171,50.1972330597,0.0
126.070220105,406.265017574,50.1972330597,0.0
@ 65 10 0.301973714883
292.945771936,391.84108819,50.3906161015,0.0
143.56279484,305.538042507,50.3906161015,0.0
446.587632554,320.200913159,50.3906161015,0.0
171.479932102,109.469276862,50.3906161015,0.0
323.873510225,270.242745609,50.3906161015,0.0
72.9583518595,420.151424868,50.3906161015,0.0
323.387677757,65.7441006338,50.3906161015,0.0
297.50419765,168.258468233,50.3906161015,0.0
417.683242886,456.425749787,50.3906161015,0.0
190.651850513,436.321327587,50.3906161015,0.0
@ 66 10 0.304304882453
215.604544878,210.79797887,50.5896775686,0.0
57.5806482599,428.311338314,50.5896775686,0.0
128.439956483,76.9185426737,50.5896775686,0.0
108.46518479,333.999762057,50.5896775686,0.0
349.557116683,455.362665765,50.5896775686,0.0
74.3996791254,196.786574095,50.5896775686,0.0
421.937367272,381.94851001,50.5896775686,0.0
355.466690648,136.879668891,50.5896775686,0.0
337.465857309,291.229274209,50.5896775686,0.0
200.7244021,447.788751865,50.5896775686,0.0
@ 67 10 0.306713863671
298.937013813,238.779257688,50.6116914821,0.0
198.511967072,224.991760124,50.6116914821,0.0
101.028811053,278.716042797,50.6116914821,0.0
107.57523268,438.685104945,50.6116914821,0.0
457.854329494,378.134874646,50.6116914821,0.0
120.208687263,56.8467907203,50.6116914821,0.0
461.347083967,258.882439015,50.6116914821,0.0
421.485464738,154.368129652,50.6116914821,0.0
347.657544532,79.8103275927,50.6116914821,0.0
328.647624035,454.332996818,50.6116914821,0.0
@ 68 10 0.306980852584
318.034702207,246.934072969,50.8582352935,0.0
91.3741523529,247.365431524,50.8582352935,0.0
72.995532798,142.764439844,50.8582352935,0.0
64.053040751,391.386129238,50.8582352935,0.0
440.919807865,368.82684622,50.8582352935,0.0
203.894630015,350.185913368,50.8582352935,0.0
409.866037607,171.814307428,50.8582352935,0.0
391.461057225,67.0980639627,50.8582352935,0.0
277.062438588,69.2376094565,50.8582352935,0.0
315.295504879,423.174656489,50.8582352935,0.0
@ 69 10 0.309978917529
443.235788442,455.185135724,50.8838226917,0.0
193.514911378,250.338989322,50.8838226917,0.0
115.791068653,95.0829965557,50.8838226917,0.0
61.8613742436,445.285022752,50.8838226917,0.0
344.016041106,239.216838704,50.8838226917,0.0
74.9220932126,261.556022801,50.8838226917,0.0
412.658759177,106.441609036,50.8838226917,0.0
378.906684867,351.369472803,50.8838226917,0.0
244.033813304,129.763882008,50.8838226917,0.0
219.555786092,383.033505306,50.8838226917,0.0
@ 70 10 0.310290904336
356.651367903,278.27997167,51.1866342112,0.0
58.1499013023,74.2608480179,51.1866342112,0.0
243.192035898,52.8912198795,51.1866342112,0.0
132.663655053,315.693778352,51.1866342112,0.0
227.986270019,271.104993025,51.1866342112,0.0
439.254399867,186.914727728,51.1866342112,0.0
256.203445487,172.215366809,51.1866342112,0.0
425.729527473,388.209291557,51.1866342112,0.0
361.494908947,86.7578915959,51.1866342112,0.0
126.711115961,457.648348374,51.1866342112,0.0
@ 71 10 0.313994998642
415.354076917,253.811807377,51.4102352461,0.0
64.9590083394,85.1522747066,51.4102352461,0.0
334.284319886,64.8322510698,51.4102352461,0.0
180.545435523,446.18356087,51.4102352461,0.0
187.557703744,269.638007537,51.4102352461,0.0
453.465912139,85.0700278358,51.4102352461,0.0
68.5165818323,317.27824212,51.4102352461,0.0
398.740579427,438.677247622,51.4102352461,0.0
155.046309023,158.13812901,51.4102352461,0.0
249.144894764,356.029571731,51.4102352461,0.0
@ 72 10 0.316744269335
300.241800259,358.656673365,51.2857944724,0.0
132.24746901,176.685187097,51.2857944724,0.0
414.312243834,279.181385249,51.2857944724,0.0
184.753762314,435.035152695,51.2857944724,0.0
203.955052336,55.0279934041,51.2857944724,0.0
76.8459286759,60.0215296117,51.2857944724,0.0
59.9072358967,403.704453375,51.2857944724,0.0
403.931780737,439.254158878,51.2857944724,0.0
172.506692203,302.117815992,51.2857944724,0.0
280.012607442,228.659226078,51.2857944724,0.0
@ 73 10 0.315212737811
306.354929522,241.414167724,51.3572930785,0.0
121.067342886,216.119034065,51.3572930785,0.0
407.731812361,315.079889154,51.3572930785,0.0
391.212060534,421.411350888,51.3572930785,0.0
374.263622838,101.077716482,51.3572930785,0.0
247.280735572,118.331217521,51.3572930785,0.0
64.4515088624,441.828969842,51.3572930785,0.0
291.305219094,454.56079742,51.3572930785,0.0
196.632319267,341.182131992,51.3572930785,0.0
128.146942975,94.4259193154,51.3572930785,0.0
@ 74 10 0.316092239881
247.522749296,97.2223773818,51.9936000372,0.0
311.229397722,239.925424698,51.9936000372,0.0
416.873746458,138.915586563,51.9936000372,0.0
336.671427215,407.443819292,51.9936000372,0.0
458.046693077,273.593609117,51.9936000372,0.0
192.047352074,212.709344574,51.9936000372,0.0
75.401819965,415.618943995,51.9936000372,0.0
90.1270123446,248.862053282,51.9936000372,0.0
203.650494938,443.441768046,51.9936000372,0.0
109.747337697,103.664820875,51.9936000372,0.0
@ 75 10 0.323973406163
68.4837363413,121.370947774,52.056339509,0.0
438.852473061,188.916906835,52.056339509,0.0
449.731994839,314.65913727,52.056339509,0.0
215.327202395,353.102496037,52.056339509,0.0
396.731318209,409.328547974,52.056339509,0.0
199.757274338,157.366893683,52.056339509,0.0
65.1825410113,361.284999441,52.056339509,0.0
147.507583591,264.816541136,52.056339509,0.0
350.446902565,267.907598174,52.056339509,0.0
369.5156292,62.8238574714,52.056339509,0.0
@ 76 10 0.324755740288
56.616524453,149.802359726,52.5627873914,0.0
416.499852678,196.336701696,52.5627873914,0.0
448.170433913,429.541501239,52.5627873914,0.0
93.5358607463,295.150388901,52.5627873914,0.0
444.248353305,317.263912494,52.5627873914,0.0
211.011934377,140.660175131,52.5627873914,0.0
213.743691045,452.750564865,52.5627873914,0.0
328.479292698,93.733166873,52.5627873914,0.0
245.416425982,330.5115405,52.5627873914,0.0
436.995268968,73.5169399212,52.5627873914,0.0
@ 77 10 0.33110547286
182.050747473,64.767891098,53.0011824648,0.0
418.636445412,101.570388213,53.0011824648,0.0
303.935709422,435.167532781,53.0011824648,0.0
93.3498726265,197.448830176,53.0011824648,0.0
177.727914057,284.429593035,53.0011824648,0.0
316.732294898,281.401627986,53.0011824648,0.0
53.9721794427,353.906293738,53.0011824648,0.0
415.819898059,347.734403389,53.0011824648,0.0
418.582347902,454.616760356,53.0011824648,0.0
314.890099713,66.5329554374,53.0011824648,0.0
@ 78 10 0.33665161458
455.704213356,72.496305892,53.1781253051,0.0
414.359072558,211.032250076,53.1781253051,0.0
201.136905649,124.275344005,53.1781253051,0.0
214.120385026,260.309870295,53.1781253051,0.0
325.722370623,135.443901618,53.1781253051,0.0
191.294538687,419.798560288,53.1781253051,0.0
109.632442504,291.134436567,53.1781253051,0.0
364.588396958,431.62193349,53.1781253051,0.0
57.2167742728,423.496304749,53.1781253051,0.0
413.111830678,327.123941095,53.1781253051,0.0
@ 79 10 0.338903169102
458.611593069,125.955410732,53.211802477,0.0
454.478156573,265.606494346,53.211802477,0.0
228.596991912,75.5562526406,53.211802477,0.0
108.912731541,301.395379088,53.211802477,0.0
284.720865054,270.951838177,53.211802477,0.0
177.347246193,205.61454692,53.211802477,0.0
97.5922235356,108.745550714,53.211802477,0.0
105.81347559,432.37146617,53.211802477,0.0
304.708216188,381.759902585,53.211802477,0.0
328.173260784,118.031269269,53.211802477,0.0
@ 80 10 0.339332552958
365.69220795,75.1743197202,53.5019272792,0.0
132.89624256,449.625181717,53.5019272792,0.0
249.354793574,70.0737724577,53.5019272792,0.0
296.95232621,174.995306708,53.5019272792,0.0
258.105918543,293.217578123,53.5019272792,0.0
125.340385641,295.702579468,53.5019272792,0.0
101.721641051,135.398349403,53.5019272792,0.0
313.543553718,448.75235634,53.5019272792,0.0
442.550343108,307.958188145,53.5019272792,0.0
406.302465809,197.441966537,53.5019272792,0.0
@ 81 10 0.343042901776
287.612546213,128.083750379,53.9248956094,0.0
67.9089147484,434.595540334,53.9248956094,0.0
164.942655314,189.407636402,53.9248956094,0.0
276.765208821,371.741334492,53.9248956094,0.0
349.32634085,252.122857016,53.9248956094,0.0
91.7789060561,307.545281567,53.9248956094,0.0
150.85481075,74.5599801444,53.9248956094,0.0
409.431569545,451.509258339,53.9248956094,0.0
443.40069547,346.056905054,53.9248956094,0.0
453.961080435,71.3938194538,53.9248956094,0.0
@ 82 10 0.348488306534
93.261319282,57.5927725582,53.8904939613,0.0
215.062186792,422.598038032,53.8904939613,0.0
175.751517714,141.7464722,53.8904939613,0.0
119.448669206,284.665269842,53.8904939613,0.0
298.308775443,62.4963637993,53.8904939613,0.0
291.63741018,300.943423016,53.8904939613,0.0
69.129360126,182.786159233,53.8904939613,0.0
380.250529697,365.868275601,53.8904939613,0.0
436.975163509,272.887597809,53.8904939613,0.0
411.585409684,158.279885497,53.8904939613,0.0
@ 83 10 0.348043808761
120.389456301,57.0408755429,53.9765251335,0.0
246.602273307,394.389093468,53.9765251335,0.0
368.274980481,236.230763863,53.9765251335,0.0
151.412992038,458.019694346,53.9765251335,0.0
339.936767515,89.1905152044,53.9765251335,0.0
223.161666879,182.502147648,53.9765251335,0.0
108.447586321,293.916763547,53.9765251335,0.0
419.061597986,445.7607256,53.9765251335,0.0
446.767889463,323.909676303,53.9765251335,0.0
443.866392364,156.18758747,53.9765251335,0.0
@ 84 10 0.349155935036
132.375595661,58.4192026712,54.6149639677,0.0
182.073728412,280.970383443,54.6149639677,0.0
105.014281286,391.755438675,54.6149639677,0.0
222.578091387,450.027161713,54.6149639677,0.0
212.880115974,169.568137624,54.6149639677,0.0
68.9367894399,205.54820869,54.6149639677,0.0
362.693202267,380.749381242,54.6149639677,0.0
309.023359924,248.046235161,54.6149639677,0.0
446.120795432,191.915250017,54.6149639677,0.0
329.451850007,57.9478390779,54.6149639677,0.0
@ 85 10 0.357464474143
61.9369534833,122.648691895,55.128781896,0.0
288.550974026,292.49628397,55.128781896,0.0
177.910312991,320.019856688,55.128781896,0.0
309.574466931,430.085679682,55.128781896,0.0
406.324321872,173.00448261,55.128781896,0.0
175.416055923,435.634040865,55.128781896,0.0
417.06789428,360.222737483,55.128781896,0.0
179.894429884,136.180211357,55.128781896,0.0
290.116655859,155.844350923,55.128781896,0.0
64.5323578078,406.20572469,55.128781896,0.0
@ 86 10 0.364222169625
334.276205473,83.0745878127,55.7845252832,0.0
376.225764442,260.329105119,55.7845252832,0.0
191.186431423,86.8423905103,55.7845252832,0.0
95.7890959207,252.993751815,55.7845252832,0.0
452.131254382,60.9011786166,55.7845252832,0.0
228.201475476,414.313466742,55.7845252832,0.0
418.909037179,450.131095162,55.7845252832,0.0
79.6017539791,64.2976131323,55.7845252832,0.0
232.814707302,255.981010104,55.7845252832,0.0
83.7871027971,452.848820426,55.7845252832,0.0
@ 87 10 0.372938369058
326.151809069,226.290528693,55.5060653222,0.0
453.390197521,156.345361717,55.5060653222,0.0
144.231906511,121.455208055,55.5060653222,0.0
203.749143711,249.763434814,55.5060653222,0.0
295.000476016,95.5841727417,55.5060653222,0.0
282.40178904,382.501537006,55.5060653222,0.0
396.616331351,441.10925036,55.5060653222,0.0
104.255924823,311.514758259,55.5060653222,0.0
63.4013645025,432.999530243,55.5060653222,0.0
174.893603517,433.74797015,55.5060653222,0.0
@ 88 10 0.369224464071
290.925438545,442.015204897,55.9522882318,0.0
338.336063154,144.118579134,55.9522882318,0.0
88.7272886289,101.143624006,55.9522882318,0.0
173.257277274,382.324064854,55.9522882318,0.0
249.128810482,63.291628974,55.9522882318,0.0
251.423664061,294.449974596,55.9522882318,0.0
413.157367662,353.745304639,55.9522882318,0.0
225.326298979,178.662029667,55.9522882318,0.0
102.073655555,216.975287042,55.9522882318,0.0
78.7000819803,445.364143719,55.9522882318,0.0
@ 89 10 0.375184845749
429.314212078,268.6573962,56.5226164989,0.0
277.697598395,76.7651496405,56.5226164989,0.0
150.238844902,137.115556689,56.5226164989,0.0
405.50939248,453.619105776,56.5226164989,0.0
299.929673495,208.384050784,56.5226164989,0.0
91.2327281585,450.222518132,56.5226164989,0.0
398.431311135,133.657935276,56.5226164989,0.0
326.179375063,337.524642531,56.5226164989,0.0
195.222586948,260.843128408,56.5226164989,0.0
200.446319268,395.12954998,56.5226164989,0.0
@ 90 10 0.382872434009
251.974873764,452.945112857,56.7951800977,0.0
406.438669012,369.574989174,56.7951800977,0.0
88.4485585449,128.256602669,56.7951800977,0.0
255.222671719,338.303224134,56.7951800977,0.0
406.938402046,61.0266448491,56.7951800977,0.0
129.352623803,313.974373657,56.7951800977,0.0
334.55716226,151.742295086,56.7951800977,0.0
210.179644005,196.238239714,56.7951800977,0.0
182.24950867,58.8911763401,56.7951800977,0.0
89.4385969421,442.580884816,56.7951800977,0.0
@ 91 10 0.386573915312
393.335222513,430.671218399,57.0372930898,0.0
231.86065337,453.857733453,57.0372930898,0.0
71.6739318911,98.3619968298,57.0372930898,0.0
215.851609465,229.243988948,57.0372930898,0.0
342.669255881,253.379854965,57.0372930898,0.0
124.603862608,309.657791192,57.0372930898,0.0
451.986286062,299.712390448,57.0372930898,0.0
190.043702536,63.5333669682,57.0372930898,0.0
339.396637882,126.640298166,57.0372930898,0.0
76.8517273425,444.360924291,57.0372930898,0.0
@ 92 10 0.389876803338
439.15268322,434.521291341,57.4212406668,0.0
219.742441745,441.812126015,57.4212406668,0.0
204.186616325,64.4766482266,57.4212406668,0.0
163.901635504,296.370788255,57.4212406668,0.0
281.38475278,292.224493169,57.4212406668,0.0
122.184718712,158.268117359,57.4212406668,0.0
398.484671433,296.922705409,57.4212406668,0.0
356.525424165,183.328279721,57.4212406668,0.0
329.684457245,69.2573008468,57.4212406668,0.0
67.9912962024,451.122557877,57.4212406668,0.0
@ 93 10 0.395143395558
430.234837428,213.935474984,57.0807056277,0.0
301.568358535,450.20761223,57.0807056277,0.0
201.921443864,60.0990012123,57.0807056277,0.0
96.4515666962,171.799332057,57.0807056277,0.0
180.560530644,260.434306517,57.0807056277,0.0
70.295787472,351.421164363,57.0807056277,0.0
448.747826369,351.951917456,57.0807056277,0.0
274.882561283,179.759647353,57.0807056277,0.0
424.687358561,97.7501191398,57.0807056277,0.0
179.542758271,434.033743403,57.0807056277,0.0
@ 94 10 0.390470519548
434.372003536,313.221006261,57.3255201489,0.0
220.989118836,449.610088681,57.3255201489,0.0
257.94508907,167.51976288,57.3255201489,0.0
66.5808227454,320.719272761,57.3255201489,0.0
315.299000002,305.451231394,57.3255201489,0.0
137.660740054,181.509405482,57.3255201489,0.0
336.892970475,453.013077653,57.3255201489,0.0
195.509953657,324.226491758,57.3255201489,0.0
370.845108659,119.420887472,57.3255201489,0.0
62.8752594892,436.109811345,57.3255201489,0.0
@ 95 10 0.393827095022
437.951924106,78.3940407027,57.6479355896,0.0
329.724916187,448.473171242,57.6479355896,0.0
212.269907842,254.915842804,57.6479355896,0.0
63.180142784,295.605810064,57.6479355896,0.0
369.02668341,215.548853886,57.6479355896,0.0
87.1168645186,167.807338355,57.6479355896,0.0
354.852167845,335.611341056,57.6479355896,0.0
196.424601647,100.810373261,57.6479355896,0.0
310.304101082,74.2394918685,57.6479355896,0.0
160.387246751,427.134170831,57.6479355896,0.0
@ 96 10 0.398269549653
369.446515652,75.5946574711,57.6021183341,0.0
254.668017013,448.365161378,57.6021183341,0.0
322.672534319,348.059054826,57.6021183341,0.0
60.6460432802,262.252812465,57.6021183341,0.0
388.757534397,241.560606518,57.6021183341,0.0
119.304511172,159.511546749,57.6021183341,0.0
446.891171388,447.480972195,57.6021183341,0.0
189.403554263,297.347915384,57.6021183341,0.0
249.942620933,117.553706702,57.6021183341,0.0
104.545578459,444.283333925,57.6021183341,0.0
@ 97 10 0.397636730243
372.118619748,319.430816625,57.6734042873,0.0
229.691853854,311.95160058,57.6734042873,0.0
352.754045458,61.2650152679,57.6734042873,0.0
102.574995916,355.830216802,57.6734042873,0.0
419.253967297,165.593420342,57.6734042873,0.0
230.007251759,75.326129561,57.6734042873,0.0
398.095138482,444.587718181,57.6734042873,0.0
82.0057973793,62.5681097207,57.6734042873,0.0
283.948925341,196.132818943,57.6734042873,0.0
229.085151283,433.644774612,57.6734042873,0.0
@ 98 10 0.398621536149
437.425496424,385.088413137,57.7997483944,0.0
247.387129153,227.35304139,57.7997483944,0.0
407.831126165,96.8483702848,57.7997483944,0.0
111.258254405,444.437794544,57.7997483944,0.0
397.938564612,250.394749845,57.7997483944,0.0
194.546275363,81.1816404197,57.7997483944,0.0
336.776828692,451.132557998,57.7997483944,0.0
76.6429331269,93.2916058054,57.7997483944,0.0
104.002037484,259.167951153,57.7997483944,0.0
243.347469067,357.444414551,57.7997483944,0.0
@ 99 10 0.400369955472
436.827670791,345.549408948,58.2310946278,0.0
298.341325523,123.74450894,58.2310946278,0.0
420.463673686,126.298785004,58.2310946278,0.0
103.510117283,425.903620484,58.2310946278,0.0
362.290441686,240.719452396,58.2310946278,0.0
186.497155196,64.1323214634,58.2310946278,0.0
335.680800654,407.170778376,58.2310946278,0.0
135.316779489,181.21063783,58.2310946278,0.0
70.630308912,282.537164288,58.2310946278,0.0
235.810888969,319.19115982,58.2310946278,0.0
@ 100 10 0.406367991107
450.779917879,436.005126452,58.5742686881,0.0
340.672818242,281.990516511,58.5742686881,0.0
446.190652176,61.7965231694,58.5742686881,0.0
66.0976526727,390.992384914,58.5742686881,0.0
440.619904333,200.844815579,58.5742686881,0.0
321.42270981,126.032274117,58.5742686881,0.0
258.63700959,422.887548886,58.5742686881,0.0
66.3833442916,65.6799417679,58.5742686881,0.0
97.4974901492,252.260614361,58.5742686881,0.0
187.12040424,71.6500516111,58.5742686881,0.0
@ 101 10 0.411171812166
415.558858165,346.389158116,58.77106204,0.0
242.999607095,178.193473638,58.77106204,0.0
451.530608719,67.6813412738,58.77106204,0.0
80.1698074596,368.24875478,58.77106204,0.0
383.389308097,203.08525064,58.77106204,0.0
326.530420408,66.4071822194,58.77106204,0.0
335.265933876,451.109412108,58.77106204,0.0
86.1968708081,65.8437099388,58.77106204,0.0
248.322017983,334.771459022,58.77106204,0.0
121.93310695,250.002285122,58.77106204,0.0
@ 102 10 0.413939300636
361.584257686,446.482834611,58.9297417373,0.0
314.603988729,332.252272257,58.9297417373,0.0
415.465469753,96.4105563328,58.9297417373,0.0
70.2580920605,398.542745587,58.9297417373,0.0
363.159330701,219.496341727,58.9297417373,0.0
133.246166664,291.107345245,58.9297417373,0.0
183.860632,446.49052086,58.9297417373,0.0
279.027523622,65.9403395637,58.9297417373,0.0
232.988114149,175.28987572,58.9297417373,0.0
107.406788662,105.888400428,58.9297417373,0.0
@ 103 10 0.416177559824
236.501702433,409.911497663,59.1086383411,0.0
329.161385909,332.164956854,59.1086383411,0.0
312.089540275,70.9209295886,59.1086383411,0.0
196.693912522,297.489992913,59.1086383411,0.0
437.534676998,280.019374449,59.1086383411,0.0
63.0208900446,225.496454593,59.1086383411,0.0
437.404118498,406.281593298,59.1086383411,0.0
373.205819944,175.593937701,59.1086383411,0.0
227.214585013,167.109798437,59.1086383411,0.0
114.971849886,99.467618122,59.1086383411,0.0
@ 104 10 0.41870822635
289.723241173,442.014693873,59.59386572,0.0
216.646169474,184.244459882,59.59386572,0.0
128.236029916,264.91796395,59.59386572,0.0
311.199490952,280.658835222,59.59386572,0.0
449.073566716,262.410591751,59.59386572,0.0
78.7190461968,408.667250774,59.59386572,0.0
403.964825092,396.963462612,59.59386572,0.0
404.769617495,135.412412071,59.59386572,0.0
278.02538529,76.5352364715,59.59386572,0.0
127.606295184,65.6690431727,59.59386572,0.0
@ 105 10 0.425610859017
308.309014431,290.261035372,59.9941376375,0.0
302.152260932,81.081348802,59.9941376375,0.0
174.270548632,433.829903618,59.9941376375,0.0
119.556617605,227.387941582,59.9941376375,0.0
439.248662798,311.141832553,59.9941376375,0.0
60.7919815942,394.472644053,59.9941376375,0.0
327.809849574,419.447090527,59.9941376375,0.0
443.523114139,63.0393562063,59.9941376375,0.0
391.483352876,181.013423199,59.9941376375,0.0
111.062495426,99.9590468747,59.9941376375,0.0
@ 106 10 0.431347429322
362.82972442,307.798987029,60.8485904007,0.0
186.634619819,231.781195536,60.8485904007,0.0
178.295391144,376.788608336,60.8485904007,0.0
65.7355607167,116.520120404,60.8485904007,0.0
427.012421294,439.316792499,60.8485904007,0.0
67.6175537514,306.046141686,60.8485904007,0.0
293.004981464,448.488896479,60.8485904007,0.0
446.542398651,82.7090408848,60.8485904007,0.0
332.844850434,127.684431062,60.8485904007,0.0
198.545362974,63.0504098287,60.8485904007,0.0
@ 107 10 0.443721658737
446.04272569,236.242957611,61.6327197613,0.0
72.1945070451,318.999004338,61.6327197613,0.0
153.589387443,430.629287124,61.6327197613,0.0
164.829678071,220.606535867,61.6327197613,0.0
386.234328298,358.047363956,61.6327197613,0.0
308.046517908,182.499299736,61.6327197613,0.0
243.22326323,324.621203166,61.6327197613,0.0
434.052946726,62.2070955116,61.6327197613,0.0
223.297904594,81.2209599258,61.6327197613,0.0
97.0632103306,74.6275177933,61.6327197613,0.0
@ 108 10 0.455231441398
227.755781846,407.194812271,61.5557917268,0.0
298.133268897,290.56737873,61.5557917268,0.0
82.9369482345,437.300747241,61.5557917268,0.0
332.625277618,92.6264825119,61.5557917268,0.0
401.145484968,447.257468052,61.5557917268,0.0
82.7732855177,61.9944896458,61.5557917268,0.0
436.964026239,298.707779915,61.5557917268,0.0
440.887613503,172.578671772,61.5557917268,0.0
211.18990705,155.522252909,61.5557917268,0.0
72.8441924424,207.706299456,61.5557917268,0.0
@ 109 10 0.4540957393
63.1580118023,270.845297036,61.2562825215,0.0
448.747181803,238.086589677,61.2562825215,0.0
67.3985189269,447.087670512,61.2562825215,0.0
237.583459344,76.8057160849,61.2562825215,0.0
238.024229494,390.535702104,61.2562825215,0.0
174.437320183,182.389801086,61.2562825215,0.0
429.666323117,366.185042065,61.2562825215,0.0
443.6277573,64.0061825315,61.2562825215,0.0
313.86689676,208.133105465,61.2562825215,0.0
68.6683967227,85.5415563814,61.2562825215,0.0
@ 110 10 0.449687544019
97.3187841736,426.33121284,61.3077193775,0.0
439.259383606,191.305774749,61.3077193775,0.0
314.632255075,275.923430778,61.3077193775,0.0
249.927569374,115.282548435,61.3077193775,0.0
290.69202312,447.012298547,61.3077193775,0.0
68.3984174655,191.497796299,61.3077193775,0.0
413.364241365,363.598762978,61.3077193775,0.0
395.544770095,65.6103460864,61.3077193775,0.0
165.235019807,301.381000729,61.3077193775,0.0
113.603223831,69.1662417208,61.3077193775,0.0
@ 111 10 0.450443065701
169.015372503,448.510623085,61.5386145341,0.0
401.073633383,62.0774138058,61.5386145341,0.0
191.840734391,239.902426747,61.5386145341,0.0
169.907301106,79.6720087663,61.5386145341,0.0
417.938444541,402.135204299,61.5386145341,0.0
88.1382815427,338.493598891,61.5386145341,0.0
447.472980164,235.941266456,61.5386145341,0.0
324.660259857,176.457574634,61.5386145341,0.0
283.368418394,361.567648474,61.5386145341,0.0
70.4006621541,164.37662439,61.5386145341,0.0
@ 112 10 0.453842343105
284.402059788,385.489502127,62.4394858613,0.0
440.494870833,95.6125444422,62.4394858613,0.0
67.714644403,272.923124142,62.4394858613,0.0
308.638599511,198.824812823,62.4394858613,0.0
441.195650112,416.865129027,62.4394858613,0.0
153.109992852,445.266400736,62.4394858613,0.0
431.974923845,262.684533943,62.4394858613,0.0
248.098821899,81.3546113278,62.4394858613,0.0
196.441592259,293.096869633,62.4394858613,0.0
102.301906585,127.405945164,62.4394858613,0.0
@ 113 10 0.467227310763
304.765981331,417.039986105,62.8161327933,0.0
446.126962881,63.6246134639,62.8161327933,0.0
66.7568594711,276.733250584,62.8161327933,0.0
188.920031741,329.733791833,62.8161327933,0.0
447.00107379,440.427933757,62.8161327933,0.0
121.625381246,437.07973432,62.8161327933,0.0
379.222938536,302.986600286,62.8161327933,0.0
334.22668617,146.009203621,62.8161327933,0.0
188.078057755,201.624775914,62.8161327933,0.0
75.31811476,144.985971184,62.8161327933,0.0
@ 114 10 0.472881121085
