187.149789577,83.4405093696,29.1608336931,0.0
34.1231124673,435.159379291,29.1608336931,0.0
443.285495502,324.120158086,29.1608336931,0.0
164.208380739,248.531234001,29.1608336931,0.0
453.938442329,179.746532454,29.1608336931,0.0
121.426859881,307.403008692,29.1608336931,0.0
290.067468832,217.145849404,29.1608336931,0.0
127.799809517,54.3946523386,29.1608336931,0.0
335.178624696,336.788574024,29.1608336931,0.0
479.422315686,397.147717391,29.1608336931,0.0
@ 100 10 1.0 0.101908276339
67.2409366383,324.808485266,29.2884081161,0.0
123.184495135,257.382279212,29.2884081161,0.0
346.695130691,317.742943624,29.2884081161,0.0
218.206148679,173.462964263,29.2884081161,0.0
412.415240864,122.656339531,29.2884081161,0.0
249.784666365,389.282698351,29.2884081161,0.0
350.488232255,466.139468237,29.2884081161,0.0
234.547728813,462.918927573,29.2884081161,0.0
67.8468862759,42.0942960393,29.2884081161,0.0
279.084188265,232.491191261,29.2884081161,0.0
@ 200 10 1.0 0.10280189469
363.284523762,358.360871774,29.4996188617,0.0
119.972734392,84.6634994009,29.4996188617,0.0
318.918242173,106.39923822,29.4996188617,0.0
68.2065458771,354.415279976,29.4996188617,0.0
383.044836655,144.63922543,29.4996188617,0.0
219.151015959,293.130156907,29.4996188617,0.0
180.893285561,139.015701483,29.4996188617,0.0
263.975467751,479.715155785,29.4996188617,0.0
424.617514265,213.745280415,29.4996188617,0.0
45.870771907,278.16638374,29.4996188617,0.0
@ 300 10 1.0 0.104289934254
252.698811823,151.023973335,29.8752748767,0.0
302.853513211,224.815496672,29.8752748767,0.0
66.6979446546,101.860973062,29.8752748767,0.0
418.180448428,49.6446251714,29.8752748767,0.0
67.0484329755,255.91281654,29.8752748767,0.0
162.104556988,389.136828371,29.8752748767,0.0
262.783759783,458.530262536,29.8752748767,0.0
166.172278357,322.464581297,29.8752748767,0.0
464.62310771,145.533280925,29.8752748767,0.0
407.168934595,329.075053841,29.8752748767,0.0
@ 400 10 1.0 0.106962957751
427.49170238,407.321259104,30.3600716273,0.0
275.106265847,380.125649062,30.3600716273,0.0
339.301485831,264.727903632,30.3600716273,0.0
87.8266271365,30.9326324975,30.3600716273,0.0
249.814045667,145.993639208,30.3600716273,0.0
82.615277129,190.423520895,30.3600716273,0.0
416.452167753,250.444311776,30.3600716273,0.0
383.249742629,334.985184674,30.3600716273,0.0
450.596368263,347.191512807,30.3600716273,0.0
39.4530020233,395.839381929,30.3600716273,0.0
@ 500 10 1.0 0.110462576199
475.220803222,332.087843238,30.437181346,0.0
122.264265717,368.553692042,30.437181346,0.0
291.782173215,455.868900002,30.437181346,0.0
38.9940167288,257.814255326,30.437181346,0.0
73.0512063862,66.4683592046,30.437181346,0.0
253.117998127,356.184431695,30.437181346,0.0
445.849950642,160.847634241,30.437181346,0.0
138.360004873,119.364290713,30.437181346,0.0
467.894681263,38.756272031,30.437181346,0.0
410.940579421,98.7239048035,30.437181346,0.0
@ 600 10 1.0 0.111024403267
358.308304673,44.1065807008,30.7710648929,0.0
121.890192963,344.342535814,30.7710648929,0.0
322.399840169,469.062305708,30.7710648929,0.0
283.580465741,55.7070698467,30.7710648929,0.0
339.464149897,173.700317635,30.7710648929,0.0
117.827273557,115.568885049,30.7710648929,0.0
111.851440788,249.094227747,30.7710648929,0.0
340.631899845,244.140056596,30.7710648929,0.0
176.708478662,450.293662803,30.7710648929,0.0
259.945282673,338.889730592,30.7710648929,0.0
@ 700 10 1.0 0.113473548496
395.188422406,476.522456276,30.9545801491,0.0
162.500196894,402.925806654,30.9545801491,0.0
250.978454427,440.23178485,30.9545801491,0.0
424.209003951,200.784206068,30.9545801491,0.0
97.5969417332,186.700178006,30.9545801491,0.0
334.116335218,297.626400456,30.9545801491,0.0
399.503279014,289.177901528,30.9545801491,0.0
268.062675343,131.004932499,30.9545801491,0.0
98.7034371526,294.88237098,30.9545801491,0.0
161.535927123,307.058044317,30.9545801491,0.0
@ 800 10 1.0 0.114831072118
158.565487688,400.066567982,31.0922117938,0.0
338.302395095,287.343050607,31.0922117938,0.0
153.074049612,100.287660375,31.0922117938,0.0
168.991713883,461.443435395,31.0922117938,0.0
241.601628143,43.7806944076,31.0922117938,0.0
84.1325149518,461.89004742,31.0922117938,0.0
390.777260743,457.465276173,31.0922117938,0.0
287.491654303,212.724703406,31.0922117938,0.0
190.405836028,324.972219494,31.0922117938,0.0
206.613416194,213.980735037,31.0922117938,0.0
@ 900 10 1.0 0.115854476365
191.908539924,469.849801193,31.4098440262,0.0
333.775243305,90.0875332313,31.4098440262,0.0
62.2046589831,181.343177848,31.4098440262,0.0
81.0454542832,415.911674464,31.4098440262,0.0
448.676895163,438.47954693,31.4098440262,0.0
346.38580422,286.196011589,31.4098440262,0.0
410.814286383,188.193397273,31.4098440262,0.0
78.5808062358,83.1139057221,31.4098440262,0.0
217.01883534,86.9279314077,31.4098440262,0.0
201.636801285,275.888714833,31.4098440262,0.0
@ 1000 10 1.0 0.118233662681
133.210774047,124.001764845,31.1726754297,0.0
317.275530946,94.5809153984,31.1726754297,0.0
174.8065132,235.037895172,31.1726754297,0.0
175.461387797,56.2869157195,31.1726754297,0.0
385.102552374,69.959441531,31.1726754297,0.0
451.071993278,223.95897421,31.1726754297,0.0
411.238593882,296.577553482,31.1726754297,0.0
116.440110662,301.226054532,31.1726754297,0.0
473.107460352,130.222673257,31.1726754297,0.0
303.357656617,470.024910928,31.1726754297,0.0
@ 1100 10 1.0 0.116454892623
413.05265455,168.721228297,31.3224464668,0.0
113.132557901,308.050119462,31.3224464668,0.0
471.085510056,300.417944866,31.3224464668,0.0
62.2599165898,191.680241945,31.3224464668,0.0
352.462019401,108.177915505,31.3224464668,0.0
387.280590932,252.20837946,31.3224464668,0.0
330.618939245,411.410273083,31.3224464668,0.0
188.473503605,316.840148301,31.3224464668,0.0
143.736905553,419.322554994,31.3224464668,0.0
83.8087107334,475.938090606,31.3224464668,0.0
@ 1200 10 1.0 0.117576610239
477.15443022,428.986049875,31.5349686993,0.0
211.124134859,393.206548534,31.5349686993,0.0
320.925795987,449.034897875,31.5349686993,0.0
85.5541985609,237.382991923,31.5349686993,0.0
183.055411183,240.221620961,31.5349686993,0.0
432.101957586,372.213322642,31.5349686993,0.0
64.6339906644,32.296337164,31.5349686993,0.0
342.640493212,156.807260248,31.5349686993,0.0
376.11316095,242.914712433,31.5349686993,0.0
58.6650127561,363.290288506,31.5349686993,0.0
@ 1300 10 1.0 0.11917753334
50.935064073,97.8632012446,31.5835397273,0.0
98.3820547467,403.236399201,31.5835397273,0.0
315.490159567,310.355495766,31.5835397273,0.0
352.355455024,434.618801759,31.5835397273,0.0
149.770923657,219.830565244,31.5835397273,0.0
285.109098302,208.520000335,31.5835397273,0.0
165.604596234,306.190826237,31.5835397273,0.0
403.352845103,140.047080165,31.5835397273,0.0
394.804171539,230.085136409,31.5835397273,0.0
390.431487896,309.982861212,31.5835397273,0.0
@ 1400 10 1.0 0.119544937108
194.044446916,269.161252975,31.7193914048,0.0
400.126574034,305.393076161,31.7193914048,0.0
302.497583553,349.761070404,31.7193914048,0.0
463.864875775,286.470595676,31.7193914048,0.0
72.9751691119,211.96405443,31.7193914048,0.0
270.247337266,57.004308794,31.7193914048,0.0
218.750566727,194.524266152,31.7193914048,0.0
78.2440381952,428.784379263,31.7193914048,0.0
469.017158802,219.855107227,31.7193914048,0.0
424.037885607,156.110959064,31.7193914048,0.0
@ 1500 10 1.0 0.120575556736
63.7612350753,474.801922249,31.8815824059,0.0
179.136479024,113.80709328,31.8815824059,0.0
396.811056962,137.456553123,31.8815824059,0.0
461.806299009,272.478638124,31.8815824059,0.0
238.890233025,449.227966085,31.8815824059,0.0
166.386586402,198.690362513,31.8815824059,0.0
318.626821301,41.8587785878,31.8815824059,0.0
299.653032175,413.377454988,31.8815824059,0.0
231.417059408,292.270735754,31.8815824059,0.0
434.782750821,349.907295964,31.8815824059,0.0
@ 1600 10 1.0 0.121811789084
148.779620714,362.244375159,31.994516898,0.0
348.132534628,143.400456622,31.994516898,0.0
459.541995938,150.895641385,31.994516898,0.0
357.720844288,288.186604629,31.994516898,0.0
203.640570012,471.750287418,31.994516898,0.0
409.893228168,392.084831689,31.994516898,0.0
401.016621306,229.233452313,31.994516898,0.0
142.924884745,164.178768595,31.994516898,0.0
326.567210838,358.999391506,31.994516898,0.0
64.6997208522,299.572913536,31.994516898,0.0
@ 1700 10 1.0 0.122676308148
400.476807415,154.848732685,32.2923349997,0.0
66.0543106208,222.59803783,32.2923349997,0.0
283.866392469,162.357452862,32.2923349997,0.0
212.065385707,435.670493593,32.2923349997,0.0
171.245075665,251.055983522,32.2923349997,0.0
471.303296116,64.5381305352,32.2923349997,0.0
58.4395063942,91.2728901779,32.2923349997,0.0
340.816403147,128.280932426,32.2923349997,0.0
311.711134656,257.38336804,32.2923349997,0.0
88.7532935183,361.651683108,32.2923349997,0.0
@ 1800 10 1.0 0.124970780527
55.8799374789,283.886595242,32.4902521336,0.0
47.4416996033,127.794802535,32.4902521336,0.0
159.573979743,106.756386605,32.4902521336,0.0
146.78437581,400.65437364,32.4902521336,0.0
163.308614545,311.474117311,32.4902521336,0.0
394.329525417,376.792191705,32.4902521336,0.0
282.810750247,72.4795104894,32.4902521336,0.0
355.896855964,46.4740157002,32.4902521336,0.0
81.0428508259,470.956452883,32.4902521336,0.0
193.698717522,229.064459191,32.4902521336,0.0
@ 1900 10 1.0 0.126507346689
163.35251646,403.435491597,32.6627359052,0.0
223.508475854,150.049404651,32.6627359052,0.0
92.3495755273,245.698868915,32.6627359052,0.0
157.691907659,473.23403529,32.6627359052,0.0
99.1515073763,143.204286873,32.6627359052,0.0
298.751193818,132.937226683,32.6627359052,0.0
307.136478819,204.440870364,32.6627359052,0.0
293.144689215,349.106629168,32.6627359052,0.0
238.6598786,424.149775665,32.6627359052,0.0
478.988568859,444.524248846,32.6627359052,0.0
@ 2000 10 1.0 0.127854112746
120.560204802,451.931540393,32.7189926495,0.0
68.0895569301,131.049474266,32.7189926495,0.0
450.117568374,458.121849849,32.7189926495,0.0
153.659906589,194.53202364,32.7189926495,0.0
223.330832066,111.342941407,32.7189926495,0.0
394.341283446,125.631855857,32.7189926495,0.0
248.202400775,397.870517771,32.7189926495,0.0
356.329140455,48.4021117407,32.7189926495,0.0
34.4229289974,279.015279984,32.7189926495,0.0
347.524418991,311.881079974,32.7189926495,0.0
@ 2100 10 1.0 0.128294911722
96.1829757202,272.611740213,33.011083697,0.0
172.247572746,75.0410676946,33.011083697,0.0
436.431694645,303.998005813,33.011083697,0.0
477.775946689,205.383251898,33.011083697,0.0
342.834947122,299.906761405,33.011083697,0.0
374.410129521,158.433056908,33.011083697,0.0
60.8830800432,460.206777899,33.011083697,0.0
181.270523511,301.528015359,33.011083697,0.0
139.459359846,413.110622597,33.011083697,0.0
257.935985856,387.767015868,33.011083697,0.0
@ 2200 10 1.0 0.130595781114
126.129451522,304.435313171,33.037644503,0.0
300.608027731,173.083945759,33.037644503,0.0
164.708774663,226.678507547,33.037644503,0.0
210.142806097,355.834260792,33.037644503,0.0
400.289183747,48.3132564562,33.037644503,0.0
108.67407813,80.4722589359,33.037644503,0.0
34.2551235314,275.925615727,33.037644503,0.0
80.7145141506,463.821858597,33.037644503,0.0
303.66930073,293.539759992,33.037644503,0.0
408.070045464,414.263534699,33.037644503,0.0
@ 2300 10 1.0 0.130806021087
437.440779844,81.165603767,33.1790199523,0.0
186.275458238,365.803982293,33.1790199523,0.0
478.044244479,425.155434212,33.1790199523,0.0
36.1195059752,401.29578421,33.1790199523,0.0
103.483186215,351.286921424,33.1790199523,0.0
56.9938974242,49.2400323166,33.1790199523,0.0
395.136655674,171.726495905,33.1790199523,0.0
389.72626762,445.69971203,33.1790199523,0.0
116.775843443,478.349287457,33.1790199523,0.0
244.695726776,211.292795919,33.1790199523,0.0
@ 2400 10 1.0 0.131927912651
388.941607225,86.0102509386,33.226592023,0.0
149.881694045,283.957040466,33.226592023,0.0
374.997578281,322.228965338,33.226592023,0.0
121.447464697,477.983441479,33.226592023,0.0
357.49391451,147.205714721,33.226592023,0.0
286.524071443,87.8196594168,33.226592023,0.0
146.726721524,382.444442406,33.226592023,0.0
342.187702037,476.236272073,33.226592023,0.0
138.973912023,111.855992148,33.226592023,0.0
451.977948871,231.593386159,33.226592023,0.0
@ 2500 10 1.0 0.132306500284
206.962345415,280.654864249,33.4750127142,0.0
301.768983016,36.0396897948,33.4750127142,0.0
60.5330608572,280.311634479,33.4750127142,0.0
169.587560648,379.842450915,33.4750127142,0.0
259.236450139,128.393923796,33.4750127142,0.0
283.514459198,231.435485892,33.4750127142,0.0
204.934737115,185.8332697,33.4750127142,0.0
264.787679826,315.884225133,33.4750127142,0.0
99.9509171026,370.336829084,33.4750127142,0.0
381.989947971,73.6515315253,33.4750127142,0.0
@ 2600 10 1.0 0.134292291714
291.213999651,38.0956981458,33.5464655507,0.0
71.0936747514,260.892301186,33.5464655507,0.0
72.9578173804,112.448115419,33.5464655507,0.0
386.286297824,95.7061336014,33.5464655507,0.0
151.044726781,189.426302453,33.5464655507,0.0
254.313117345,349.74958712,33.5464655507,0.0
212.034360819,226.128684254,33.5464655507,0.0
324.182168221,453.629813917,33.5464655507,0.0
124.743554669,348.010237831,33.5464655507,0.0
175.131208869,80.0760010573,33.5464655507,0.0
@ 2700 10 1.0 0.134866200747
413.399716277,64.697373596,33.606602692,0.0
452.949025193,454.203493044,33.606602692,0.0
197.758607793,208.321363959,33.606602692,0.0
310.46462764,166.111771137,33.606602692,0.0
253.424477442,449.794475257,33.606602692,0.0
416.638905608,192.511940658,33.606602692,0.0
454.412839174,261.106933067,33.606602692,0.0
111.916732109,270.894950205,33.606602692,0.0
92.741044197,383.758739386,33.606602692,0.0
110.336130459,163.384354038,33.606602692,0.0
@ 2800 10 1.0 0.135350170505
354.149446705,195.583194235,33.6771309956,0.0
239.730211505,136.51817764,33.6771309956,0.0
453.306482668,462.340661974,33.6771309956,0.0
280.735786587,466.124650376,33.6771309956,0.0
199.733459952,272.050084414,33.6771309956,0.0
378.223310016,64.0681984495,33.6771309956,0.0
419.998415913,400.95393629,33.6771309956,0.0
71.9767346745,192.862184293,33.6771309956,0.0
209.45857232,61.7803582334,33.6771309956,0.0
190.541621268,465.394235878,33.6771309956,0.0
@ 2900 10 1.0 0.135918870343
50.1424407085,232.732430244,33.6275050867,0.0
330.679640098,412.611918184,33.6275050867,0.0
237.805712284,77.2832348528,33.6275050867,0.0
465.372104343,454.835191751,33.6275050867,0.0
133.648104761,336.01393766,33.6275050867,0.0
367.629220581,210.217923503,33.6275050867,0.0
116.005076576,167.464679444,33.6275050867,0.0
250.763521528,451.435339368,33.6275050867,0.0
115.928773857,84.9697678153,33.6275050867,0.0
457.886707169,282.101953063,33.6275050867,0.0
@ 3000 10 1.0 0.135518591129
89.0903506779,176.14042478,33.6690708075,0.0
159.739873562,119.173546016,33.6690708075,0.0
40.4330204856,37.5930589587,33.6690708075,0.0
425.260445775,203.663220608,33.6690708075,0.0
320.340006617,78.3827641123,33.6690708075,0.0
233.458108585,361.7091813,33.6690708075,0.0
256.977006244,229.22538217,33.6690708075,0.0
54.0755868592,442.731130932,33.6690708075,0.0
188.563000988,299.217990057,33.6690708075,0.0
336.778664936,237.431588427,33.6690708075,0.0
@ 3100 10 1.0 0.135853817263
378.327335567,397.628764324,33.7949576208,0.0
268.48532504,325.191162943,33.7949576208,0.0
203.240696229,282.771318361,33.7949576208,0.0
424.353243171,284.869067901,33.7949576208,0.0
319.687721897,83.4661651127,33.7949576208,0.0
417.834605484,39.5445886936,33.7949576208,0.0
383.075221361,219.401772771,33.7949576208,0.0
90.4484972676,386.000919167,33.7949576208,0.0
171.363393563,374.980229492,33.7949576208,0.0
257.627258805,470.06935527,33.7949576208,0.0
@ 3200 10 1.0 0.136871616437
148.983009185,160.206344677,33.7518446551,0.0
229.854078372,45.3626026969,33.7518446551,0.0
165.039382315,328.502385102,33.7518446551,0.0
380.260925408,353.314510572,33.7518446551,0.0
33.8843434947,168.187714675,33.7518446551,0.0
391.49315605,257.228375091,33.7518446551,0.0
255.723858719,474.170349311,33.7518446551,0.0
48.5034989114,335.707244522,33.7518446551,0.0
476.128066832,472.031531163,33.7518446551,0.0
64.8972615126,69.4474562995,33.7518446551,0.0
@ 3300 10 1.0 0.136522618969
152.131522446,250.17699231,34.0029800828,0.0
456.623324565,43.827539197,34.0029800828,0.0
369.373420534,373.762579461,34.0029800828,0.0
155.114629566,456.827744247,34.0029800828,0.0
422.749984003,132.733698972,34.0029800828,0.0
344.663135384,166.501126992,34.0029800828,0.0
234.854567841,381.446442122,34.0029800828,0.0
419.204777099,309.086721429,34.0029800828,0.0
458.806241576,197.872966638,34.0029800828,0.0
60.7967911259,142.030513696,34.0029800828,0.0
@ 3400 10 1.0 0.13856180944
463.538077177,431.089345926,34.2139500574,0.0
475.138712112,43.6521254193,34.2139500574,0.0
239.200790878,401.432865296,34.2139500574,0.0
307.290570252,310.169793287,34.2139500574,0.0
90.4997780898,277.230596365,34.2139500574,0.0
448.994152676,124.089672722,34.2139500574,0.0
266.47652088,204.372741862,34.2139500574,0.0
363.946542839,210.222376381,34.2139500574,0.0
444.083758597,299.987689411,34.2139500574,0.0
101.109958378,172.23078007,34.2139500574,0.0
@ 3500 10 1.0 0.140286544558
182.08651142,155.748594154,34.4640426841,0.0
126.267586693,460.651986106,34.4640426841,0.0
134.524806786,207.206827366,34.4640426841,0.0
142.021858709,68.5429684556,34.4640426841,0.0
379.574457355,448.458383451,34.4640426841,0.0
420.210794009,106.234930911,34.4640426841,0.0
300.593422233,439.730673651,34.4640426841,0.0
324.066894582,207.457772387,34.4640426841,0.0
474.52346734,331.746293397,34.4640426841,0.0
122.91820888,283.244039803,34.4640426841,0.0
@ 3600 10 1.0 0.142344936463
129.356950911,391.631197162,34.9703457171,0.0
59.6040920491,369.126173707,34.9703457171,0.0
359.893415914,80.7737327581,34.9703457171,0.0
160.876580357,300.747023012,34.9703457171,0.0
475.493032801,295.795371143,34.9703457171,0.0
463.874652867,445.152868824,34.9703457171,0.0
255.597286768,320.720462268,34.9703457171,0.0
149.563378943,198.935680475,34.9703457171,0.0
369.276766218,308.417567506,34.9703457171,0.0
66.8923540618,271.354594164,34.9703457171,0.0
@ 3700 10 1.0 0.146557968167
254.279137403,223.793114517,35.1564246629,0.0
212.214744542,439.535623864,35.1564246629,0.0
263.537563711,358.025766522,35.1564246629,0.0
339.119787429,434.154327521,35.1564246629,0.0
414.227216562,104.689042075,35.1564246629,0.0
410.459845577,363.892102082,35.1564246629,0.0
426.961062811,443.392751393,35.1564246629,0.0
309.697366626,120.546300461,35.1564246629,0.0
69.6062254249,97.97166988,35.1564246629,0.0
150.392165449,175.687735355,35.1564246629,0.0
@ 3800 10 1.0 0.148121802197
314.828875359,121.541185731,35.3318525632,0.0
121.492311472,215.342575578,35.3318525632,0.0
467.44598284,109.931884885,35.3318525632,0.0
439.961667274,287.850274476,35.3318525632,0.0
282.5896388,448.817131638,35.3318525632,0.0
462.661024522,203.035440215,35.3318525632,0.0
202.987469575,384.843961617,35.3318525632,0.0
209.220819091,135.968746195,35.3318525632,0.0
136.257833203,358.448762327,35.3318525632,0.0
38.9988949041,280.762175555,35.3318525632,0.0
@ 3900 10 1.0 0.149603723515
148.164187612,82.4574966071,35.3633966401,0.0
38.1784755274,90.5001230367,35.3633966401,0.0
104.800359609,222.371991987,35.3633966401,0.0
451.256118998,418.278602557,35.3633966401,0.0
365.003371126,217.647349117,35.3633966401,0.0
296.794532421,98.4821716979,35.3633966401,0.0
256.115209899,447.446151661,35.3633966401,0.0
109.043155138,148.209217381,35.3633966401,0.0
397.285074747,124.961705577,35.3633966401,0.0
196.345801026,295.06207548,35.3633966401,0.0
@ 4000 10 1.0 0.149870973468
220.286550749,200.269051324,35.3901337742,0.0
402.892725468,160.747909647,35.3901337742,0.0
46.0720057198,416.999480026,35.3901337742,0.0
264.110593868,319.990324909,35.3901337742,0.0
93.7446278818,125.352229544,35.3901337742,0.0
467.11166655,90.968291218,35.3901337742,0.0
380.618777671,453.452924992,35.3901337742,0.0
414.996984784,383.423594455,35.3901337742,0.0
391.214729225,59.5591339871,35.3901337742,0.0
336.288565355,197.312999161,35.3901337742,0.0
@ 4100 10 1.0 0.150097684447
216.579699065,40.2974214874,35.4171978277,0.0
336.594043008,70.0570974651,35.4171978277,0.0
383.674596994,431.814900802,35.4171978277,0.0
471.187518237,219.37537113,35.4171978277,0.0
274.610587743,256.126517911,35.4171978277,0.0
259.314117984,469.06020128,35.4171978277,0.0
346.873900368,307.11351359,35.4171978277,0.0
224.190708516,372.960129703,35.4171978277,0.0
76.4070765827,109.9322175,35.4171978277,0.0
468.512741529,318.465901138,35.4171978277,0.0
@ 4200 10 1.0 0.150327341958
154.311025765,88.8102171296,35.3656141135,0.0
361.733160216,40.1550982839,35.3656141135,0.0
123.231321286,205.355924737,35.3656141135,0.0
278.357789433,326.597309063,35.3656141135,0.0
273.49152173,199.721230542,35.3656141135,0.0
420.845990055,154.561719927,35.3656141135,0.0
467.255136665,286.487159066,35.3656141135,0.0
440.367973015,71.2598040883,35.3656141135,0.0
36.2050570838,159.040961575,35.3656141135,0.0
300.424407866,469.245355327,35.3656141135,0.0
@ 4300 10 1.0 0.149889769474
111.904302943,42.4883791873,35.7172003428,0.0
75.836713117,135.564881908,35.7172003428,0.0
167.747430313,320.252637589,35.7172003428,0.0
90.2743774019,402.064149572,35.7172003428,0.0
319.744735708,416.417782207,35.7172003428,0.0
460.842705459,91.7442780189,35.7172003428,0.0
327.179428105,138.031855556,35.7172003428,0.0
353.692388158,250.986196628,35.7172003428,0.0
252.327160381,343.643395886,35.7172003428,0.0
392.407906595,448.405278638,35.7172003428,0.0
@ 4400 10 1.0 0.152884833118
329.224300459,453.12979715,35.8860913706,0.0
57.365316192,92.5994882501,35.8860913706,0.0
424.374671248,282.480111052,35.8860913706,0.0
140.999099851,386.936767652,35.8860913706,0.0
445.199020454,436.290456325,35.8860913706,0.0
423.604172648,199.826913715,35.8860913706,0.0
227.136204769,237.130508889,35.8860913706,0.0
99.0905921865,246.234894963,35.8860913706,0.0
295.627248485,387.103445958,35.8860913706,0.0
474.868815667,337.023622136,35.8860913706,0.0
@ 4500 10 1.0 0.154334102611
441.121517739,313.007938438,36.269930591,0.0
340.588161972,261.842788282,36.269930591,0.0
309.499820748,151.332102576,36.269930591,0.0
283.158437401,460.496525259,36.269930591,0.0
359.373206177,361.891232579,36.269930591,0.0
206.70058452,262.843772828,36.269930591,0.0
48.0678022045,234.599548308,36.269930591,0.0
192.74357781,431.800275304,36.269930591,0.0
76.8624769451,434.652459687,36.269930591,0.0
426.725502264,414.991458399,36.269930591,0.0
@ 4600 10 1.0 0.157653288034
253.859019194,163.381407202,36.380450419,0.0
192.465470482,75.9380910144,36.380450419,0.0
60.5046043994,91.5488575054,36.380450419,0.0
384.826471487,431.914710706,36.380450419,0.0
472.961856205,65.3250982599,36.380450419,0.0
49.4095194181,454.313739311,36.380450419,0.0
412.861862511,283.569605377,36.380450419,0.0
338.950418579,240.251470643,36.380450419,0.0
261.929268382,445.607122146,36.380450419,0.0
454.041837099,403.911420619,36.380450419,0.0
@ 4700 10 1.0 0.158615537504
205.906138396,170.27580111,36.7002466249,0.0
86.3384996003,307.373022902,36.7002466249,0.0
97.0155262664,222.040133291,36.7002466249,0.0
186.952306394,429.233157961,36.7002466249,0.0
392.324772084,126.157111504,36.7002466249,0.0
272.858305739,219.229022708,36.7002466249,0.0
459.106396674,188.50197794,36.7002466249,0.0
404.551380455,274.4415681,36.7002466249,0.0
47.8812426535,438.748129436,36.7002466249,0.0
289.477922383,422.637698283,36.7002466249,0.0
@ 4800 10 1.0 0.161416359909
270.104850061,42.0550075376,36.5675257471,0.0
193.666959749,56.4120430074,36.5675257471,0.0
318.722115487,151.240884611,36.5675257471,0.0
40.9625709668,211.095403825,36.5675257471,0.0
167.80421895,279.017987891,36.5675257471,0.0
372.515286532,211.795993288,36.5675257471,0.0
409.950828016,323.603930981,36.5675257471,0.0
449.539558764,463.770001185,36.5675257471,0.0
112.660897491,412.724430405,36.5675257471,0.0
78.5984350174,342.388310551,36.5675257471,0.0
@ 4900 10 1.0 0.160250995322
100.355576564,134.560764897,36.8479385881,0.0
136.104828957,318.628421514,36.8479385881,0.0
184.457754302,116.251326751,36.8479385881,0.0
219.206326759,465.380805535,36.8479385881,0.0
322.314198388,419.28586265,36.8479385881,0.0
347.814414551,93.2130548178,36.8479385881,0.0
468.821981669,130.765261479,36.8479385881,0.0
473.024749659,412.649606155,36.8479385881,0.0
214.433922375,236.876481762,36.8479385881,0.0
365.107547011,306.340237437,36.8479385881,0.0
@ 5000 10 1.0 0.162718142347
152.291389464,350.118467097,36.9778865009,0.0
67.2913816894,72.1876350226,36.9778865009,0.0
426.498923208,237.740794081,36.9778865009,0.0
296.741511382,457.185078596,36.9778865009,0.0
316.434986248,69.7227744758,36.9778865009,0.0
269.124800839,302.76215581,36.9778865009,0.0
212.80011092,130.077201475,36.9778865009,0.0
100.039993483,469.082731245,36.9778865009,0.0
41.7646926775,161.562552763,36.9778865009,0.0
445.212399822,375.655428919,36.9778865009,0.0
@ 5100 10 1.0 0.163867849416
216.153162996,195.734382621,37.0788938862,0.0
42.9884359389,147.210985344,37.0788938862,0.0
368.318977202,445.167028979,37.0788938862,0.0
349.342235802,335.89995057,37.0788938862,0.0
155.24861804,128.047807703,37.0788938862,0.0
76.3414547153,441.393866208,37.0788938862,0.0
449.574436062,82.6279884221,37.0788938862,0.0
168.067412093,474.874865077,37.0788938862,0.0
54.8287941044,355.15291712,37.0788938862,0.0
241.845612015,275.112463381,37.0788938862,0.0
@ 5200 10 1.0 0.164764302447
456.461538741,259.050295025,37.3009400661,0.0
220.302694069,93.9018395366,37.3009400661,0.0
466.51705374,104.804795733,37.3009400661,0.0
274.659299311,207.901349629,37.3009400661,0.0
159.953828803,336.612070942,37.3009400661,0.0
176.424790595,467.962212317,37.3009400661,0.0
379.752703572,381.430315344,37.3009400661,0.0
470.548267257,420.434543559,37.3009400661,0.0
252.779369797,428.211426769,37.3009400661,0.0
327.201375374,452.355501268,37.3009400661,0.0
@ 5300 10 1.0 0.166743586358
449.787398046,54.5814606545,37.5568426879,0.0
266.608218173,143.132979623,37.5568426879,0.0
269.205285001,60.575434825,37.5568426879,0.0
129.666501723,466.464350555,37.5568426879,0.0
472.38124325,360.250172914,37.5568426879,0.0
52.5843905159,287.190409256,37.5568426879,0.0
94.0606868059,151.443008789,37.5568426879,0.0
383.780413191,389.289093653,37.5568426879,0.0
285.696852913,469.2312539,37.5568426879,0.0
339.146282851,195.576558788,37.5568426879,0.0
@ 5400 10 1.0 0.169039318838
357.25973899,455.735304749,37.6960178047,0.0
109.851980722,88.9358820442,37.6960178047,0.0
238.112920086,199.320564528,37.6960178047,0.0
276.86625311,49.0170037551,37.6960178047,0.0
377.325377384,106.931855823,37.6960178047,0.0
233.391752561,473.611112056,37.6960178047,0.0
78.7127452166,395.412574321,37.6960178047,0.0
231.702228007,275.623435451,37.6960178047,0.0
445.402693337,335.558415889,37.6960178047,0.0
211.734116813,384.722016061,37.6960178047,0.0
@ 5500 10 1.0 0.170294464679
371.00474927,391.797947047,37.7849252964,0.0
269.964357678,63.2081392949,37.7849252964,0.0
123.080204924,137.508550863,37.7849252964,0.0
441.33080291,68.738593455,37.7849252964,0.0
47.5755644563,294.840082496,37.7849252964,0.0
386.848387326,233.486237148,37.7849252964,0.0
454.764644378,338.613343851,37.7849252964,0.0
107.264794611,459.154919865,37.7849252964,0.0
264.428573425,315.32976903,37.7849252964,0.0
215.380687739,375.531691895,37.7849252964,0.0
@ 5600 10 1.0 0.17109870392
265.841469354,180.934216061,37.996952697,0.0
361.658376104,106.956609963,37.996952697,0.0
178.834267782,179.89697744,37.996952697,0.0
85.1467714971,198.830935593,37.996952697,0.0
274.709948322,297.623891456,37.996952697,0.0
211.743351935,403.433075602,37.996952697,0.0
315.83128602,361.645383661,37.996952697,0.0
110.528103615,101.605881237,37.996952697,0.0
283.627362815,455.743544053,37.996952697,0.0
161.914271437,345.989961422,37.996952697,0.0
@ 5700 10 1.0 0.17302430773
57.0704462708,219.557632886,37.9770810889,0.0
140.278981717,242.069612299,37.9770810889,0.0
111.707337709,41.3410301707,37.9770810889,0.0
38.0278436103,455.943204588,37.9770810889,0.0
267.385370863,196.850069148,37.9770810889,0.0
221.084190659,454.642724254,37.9770810889,0.0
315.398200154,87.2184509621,37.9770810889,0.0
420.722846858,92.2393292833,37.9770810889,0.0
119.729639506,155.946058487,37.9770810889,0.0
269.368939301,298.621448056,37.9770810889,0.0
@ 5800 10 1.0 0.172843378896
120.02054212,244.241264966,38.1871894976,0.0
363.477768797,470.936038637,38.1871894976,0.0
54.5014794182,185.468000769,38.1871894976,0.0
42.1098476337,361.854098253,38.1871894976,0.0
66.6696136572,109.017833024,38.1871894976,0.0
256.628254997,312.706928145,38.1871894976,0.0
416.569738308,228.508777934,38.1871894976,0.0
348.459976602,364.559568164,38.1871894976,0.0
316.590298514,64.938930146,38.1871894976,0.0
194.792544739,444.030774731,38.1871894976,0.0
@ 5900 10 1.0 0.17476118327
317.10773012,47.6333300405,38.5303923247,0.0
254.844860777,122.218811202,38.5303923247,0.0
453.754378262,76.7093805454,38.5303923247,0.0
137.207059018,423.868886599,38.5303923247,0.0
92.9588210959,287.843221264,38.5303923247,0.0
288.676957288,220.802821033,38.5303923247,0.0
387.862734089,352.800747234,38.5303923247,0.0
232.724632551,469.415643931,38.5303923247,0.0
435.152473742,162.800809749,38.5303923247,0.0
204.424045138,294.698543836,38.5303923247,0.0
@ 6000 10 1.0 0.177916589988
71.8806022354,215.35679557,38.6039581345,0.0
145.454845084,127.911228423,38.6039581345,0.0
444.905338095,123.660482157,38.6039581345,0.0
367.468227003,298.571326617,38.6039581345,0.0
60.6076935452,67.0219137871,38.6039581345,0.0
134.773754428,329.261333977,38.6039581345,0.0
455.785900887,428.416126967,38.6039581345,0.0
150.913689018,438.845522599,38.6039581345,0.0
303.150864813,380.240242013,38.6039581345,0.0
312.687402371,461.542096976,38.6039581345,0.0
@ 6100 10 1.0 0.178596628378
279.222640365,54.0892081908,38.5888578422,0.0
123.460805477,71.2598657484,38.5888578422,0.0
387.858071355,332.52691319,38.5888578422,0.0
275.039062213,312.821350319,38.5888578422,0.0
456.748711262,41.5669665778,38.5888578422,0.0
431.128882586,163.636278476,38.5888578422,0.0
321.159989469,209.145637513,38.5888578422,0.0
126.397036564,464.501312095,38.5888578422,0.0
140.596445001,358.757553981,38.5888578422,0.0
183.154915616,250.09779477,38.5888578422,0.0
@ 6200 10 1.0 0.178456936285
445.79807966,39.5188058371,38.9379109689,0.0
224.773662596,326.052053079,38.9379109689,0.0
355.758249195,380.946814441,38.9379109689,0.0
204.768102651,451.523359111,38.9379109689,0.0
295.229841142,52.3875866706,38.9379109689,0.0
132.469732535,100.327776948,38.9379109689,0.0
411.568575415,315.327040332,38.9379109689,0.0
441.950507431,421.326453701,38.9379109689,0.0
69.7465481094,292.980779597,38.9379109689,0.0
63.4408990113,159.906042018,38.9379109689,0.0
@ 6300 10 1.0 0.18169997998
327.753436727,177.417030743,38.9846011552,0.0
54.4803283314,403.88358351,38.9846011552,0.0
454.915496654,188.586534761,38.9846011552,0.0
247.00869869,116.366659957,38.9846011552,0.0
54.9202422596,273.075506867,38.9846011552,0.0
386.285517638,419.624637627,38.9846011552,0.0
167.887157644,259.97318339,38.9846011552,0.0
348.923577833,273.979335858,38.9846011552,0.0
256.821916339,362.151448736,38.9846011552,0.0
39.6844584003,136.524285049,38.9846011552,0.0
@ 6400 10 1.0 0.182135991673
182.332825564,227.686334716,38.8926044351,0.0
163.502781852,85.045864479,38.8926044351,0.0
270.838432947,224.858837875,38.8926044351,0.0
467.319562602,192.132525061,38.8926044351,0.0
41.9840534466,77.4798704799,38.8926044351,0.0
407.743393021,290.877713266,38.8926044351,0.0
210.233813758,376.649502627,38.8926044351,0.0
41.9709346425,207.47643672,38.8926044351,0.0
81.269519619,438.613421129,38.8926044351,0.0
367.519679257,221.616068008,38.8926044351,0.0
@ 6500 10 1.0 0.181277388898
51.799083273,332.258062612,39.1582464778,0.0
113.387992067,94.9370336615,39.1582464778,0.0
134.404845922,464.271610483,39.1582464778,0.0
439.628715313,418.448049606,39.1582464778,0.0
273.251262769,110.902608589,39.1582464778,0.0
448.484328063,236.350175082,39.1582464778,0.0
257.503444141,458.221558391,39.1582464778,0.0
333.418934135,299.074113902,39.1582464778,0.0
185.401233798,126.833199213,39.1582464778,0.0
454.622090153,328.162892921,39.1582464778,0.0
@ 6600 10 1.0 0.183762146553
61.4851459821,433.069064717,39.2655485993,0.0
73.1734264244,80.346244295,39.2655485993,0.0
209.291930564,187.129975728,39.2655485993,0.0
427.202285794,226.603103117,39.2655485993,0.0
449.676914358,114.760104871,39.2655485993,0.0
426.027205502,377.480200909,39.2655485993,0.0
304.175927514,387.491938971,39.2655485993,0.0
195.90048705,415.531851801,39.2655485993,0.0
251.139935275,322.247130774,39.2655485993,0.0
337.252910229,188.137400737,39.2655485993,0.0
@ 6700 10 1.0 0.184770622971
55.7392389478,449.503432333,39.2552390208,0.0
259.408725766,437.226695454,39.2552390208,0.0
241.681685948,142.537042282,39.2552390208,0.0
208.942394781,275.793665422,39.2552390208,0.0
404.991902488,167.633610828,39.2552390208,0.0
344.507775212,49.2330836037,39.2552390208,0.0
373.678877091,338.298535554,39.2552390208,0.0
43.7696499257,42.7508640145,39.2552390208,0.0
123.669378261,143.756204437,39.2552390208,0.0
161.549719258,436.64159717,39.2552390208,0.0
@ 6800 10 1.0 0.184673608809
47.0929602363,340.138418921,39.2049969065,0.0
325.218822593,406.254539576,39.2049969065,0.0
252.734724467,52.1369616022,39.2049969065,0.0
72.6471836453,262.002512664,39.2049969065,0.0
354.028665841,171.075673718,39.2049969065,0.0
466.442811217,191.932997569,39.2049969065,0.0
389.715774638,356.413736515,39.2049969065,0.0
470.092508153,271.431237075,39.2049969065,0.0
72.1532107659,122.678198717,39.2049969065,0.0
68.6217750305,457.875658566,39.2049969065,0.0
@ 6900 10 1.0 0.184201190086
297.585221104,281.312457835,39.4153333333,0.0
433.547528721,122.640640941,39.4153333333,0.0
380.356114843,264.393015136,39.4153333333,0.0
135.585755811,226.832164739,39.4153333333,0.0
271.183814899,44.585100871,39.4153333333,0.0
244.73054078,159.769830277,39.4153333333,0.0
136.89031075,402.506570259,39.4153333333,0.0
431.392596538,337.484418231,39.4153333333,0.0
109.792490605,118.026646334,39.4153333333,0.0
193.013787767,467.460549147,39.4153333333,0.0
@ 7000 10 1.0 0.186182986049
408.764078919,232.597766715,39.6442919381,0.0
389.955984311,131.045667587,39.6442919381,0.0
110.827801659,133.503026371,39.6442919381,0.0
93.5421719648,466.029441437,39.6442919381,0.0
271.61787099,331.963965021,39.6442919381,0.0
229.541907009,47.253516576,39.6442919381,0.0
65.7521435772,302.692780256,39.6442919381,0.0
188.508968744,366.58425422,39.6442919381,0.0
255.332862235,161.138454104,39.6442919381,0.0
178.471005009,211.227589189,39.6442919381,0.0
@ 7100 10 1.0 0.188352294486
197.331584748,185.182116873,40.0225271448,0.0
451.636209752,362.215617744,40.0225271448,0.0
111.918251153,349.382022996,40.0225271448,0.0
305.789805948,273.662549025,40.0225271448,0.0
292.390569292,127.768614102,40.0225271448,0.0
139.419069757,90.2630389204,40.0225271448,0.0
253.3189645,368.402159407,40.0225271448,0.0
422.75931114,272.348701791,40.0225271448,0.0
435.138383927,98.9214979744,40.0225271448,0.0
298.873190122,468.186382716,40.0225271448,0.0
@ 7200 10 1.0 0.191963473453
125.660929974,366.935182217,39.7839000528,0.0
393.121795831,93.0450873003,39.7839000528,0.0
433.789159065,454.397066699,39.7839000528,0.0
217.965814072,210.583508791,39.7839000528,0.0
219.57904687,129.305201641,39.7839000528,0.0
95.4699345332,138.533177852,39.7839000528,0.0
449.590425087,203.59720201,39.7839000528,0.0
399.287019328,316.939664189,39.7839000528,0.0
318.32729677,381.03045905,39.7839000528,0.0
460.348489123,373.690174092,39.7839000528,0.0
@ 7300 10 1.0 0.189681202509
453.089432971,458.094711937,39.7970707676,0.0
424.674453107,47.2555692161,39.7970707676,0.0
266.692456157,288.272722631,39.7970707676,0.0
276.003717184,164.482602899,39.7970707676,0.0
280.482133134,79.1229608713,39.7970707676,0.0
113.462563106,180.606443384,39.7970707676,0.0
454.098701997,189.755542302,39.7970707676,0.0
46.2665143744,316.752252954,39.7970707676,0.0
78.1340298396,393.464418334,39.7970707676,0.0
413.852063718,347.071258462,39.7970707676,0.0
@ 7400 10 1.0 0.18980681365
72.2085296897,452.182731723,39.6986699617,0.0
312.030309001,67.5093929099,39.6986699617,0.0
50.5152064027,120.139415636,39.6986699617,0.0
388.671926172,409.665223864,39.6986699617,0.0
420.995287518,144.468871942,39.6986699617,0.0
116.243680742,74.7006448792,39.6986699617,0.0
212.235420093,367.594810004,39.6986699617,0.0
228.145874845,139.748187158,39.6986699617,0.0
247.367366207,281.189464409,39.6986699617,0.0
402.34473026,239.072464923,39.6986699617,0.0
@ 7500 10 1.0 0.188869355046
393.774112447,468.667162857,39.5492265852,0.0
378.791680561,314.020959585,39.5492265852,0.0
91.3357981295,71.4963926803,39.5492265852,0.0
464.323080819,158.913826037,39.5492265852,0.0
251.914559874,143.204888576,39.5492265852,0.0
376.900433643,187.186194131,39.5492265852,0.0
356.915267911,67.085997349,39.5492265852,0.0
117.097227079,221.503864423,39.5492265852,0.0
84.1476527104,425.639377358,39.5492265852,0.0
286.699056245,353.416630414,39.5492265852,0.0
@ 7600 10 1.0 0.187450055712
441.818249443,369.292036904,39.6749938052,0.0
278.518050618,357.328346618,39.6749938052,0.0
431.928799758,265.695841706,39.6749938052,0.0
193.16164342,221.694660394,39.6749938052,0.0
204.310796612,417.09273637,39.6749938052,0.0
120.802208099,155.497308251,39.6749938052,0.0
467.848641978,57.7133507164,39.6749938052,0.0
114.511446691,403.938311338,39.6749938052,0.0
378.421459622,470.443217284,39.6749938052,0.0
340.48950734,200.892712003,39.6749938052,0.0
@ 7700 10 1.0 0.188644140097
157.377647872,101.059278454,39.7130944426,0.0
90.4510680167,46.2918220234,39.7130944426,0.0
311.605790212,175.369151326,39.7130944426,0.0
297.26922575,58.1689835348,39.7130944426,0.0
257.057056057,390.249674538,39.7130944426,0.0
44.5449806422,191.928372639,39.7130944426,0.0
342.989065887,302.823249017,39.7130944426,0.0
464.601203166,455.085907712,39.7130944426,0.0
401.934158191,369.220902537,39.7130944426,0.0
439.277087275,150.723233144,39.7130944426,0.0
@ 7800 10 1.0 0.189006631048
397.179760654,314.402994521,39.7812941434,0.0
140.898207133,81.5233578911,39.7812941434,0.0
388.194934315,138.987526221,39.7812941434,0.0
265.04871003,220.990167039,39.7812941434,0.0
179.792239111,435.178513597,39.7812941434,0.0
58.6143079717,464.888437644,39.7812941434,0.0
51.2358425607,68.5084299241,39.7812941434,0.0
404.22898934,444.298812932,39.7812941434,0.0
99.9599022121,233.408240433,39.7812941434,0.0
217.653554916,330.274421645,39.7812941434,0.0
@ 7900 10 1.0 0.189656354476
142.890985937,156.840683877,40.2109633749,0.0
344.451541243,66.6237579814,40.2109633749,0.0
335.017987652,167.679265353,40.2109633749,0.0
229.022566685,293.112698013,40.2109633749,0.0
74.360657742,381.313891719,40.2109633749,0.0
369.400939538,396.734272768,40.2109633749,0.0
124.71671588,52.2880834656,40.2109633749,0.0
135.750976532,301.287316536,40.2109633749,0.0
56.9262776097,107.693309944,40.2109633749,0.0
276.213834516,386.147483717,40.2109633749,0.0
@ 8000 10 1.0 0.19377535448
210.775519625,159.246755819,40.1431961966,0.0
458.499458073,296.215757011,40.1431961966,0.0
444.728954334,376.636807679,40.1431961966,0.0
346.122812308,471.657065226,40.1431961966,0.0
364.881401156,101.165999668,40.1431961966,0.0
334.335626388,367.107696598,40.1431961966,0.0
427.76795026,200.923519722,40.1431961966,0.0
41.7014867577,400.310416193,40.1431961966,0.0
109.568993164,242.356121447,40.1431961966,0.0
261.943546347,314.464635041,40.1431961966,0.0
@ 8100 10 1.0 0.193122769085
255.872913449,333.192796734,40.0144186683,0.0
189.818752832,436.442363615,40.0144186683,0.0
395.527415826,185.512258934,40.0144186683,0.0
81.887071235,82.546464135,40.0144186683,0.0
452.34800543,96.6813517964,40.0144186683,0.0
411.244909344,382.0574263,40.0144186683,0.0
305.330405063,81.9493238289,40.0144186683,0.0
55.8688574926,310.935926426,40.0144186683,0.0
92.0275363853,194.758285674,40.0144186683,0.0
193.644377417,105.714035502,40.0144186683,0.0
@ 8200 10 1.0 0.191885698572
417.586458896,139.701980615,40.0969766658,0.0
273.614682712,396.765830359,40.0969766658,0.0
227.575766383,116.901897903,40.0969766658,0.0
194.347449814,334.032380104,40.0969766658,0.0
132.371649121,79.3653053771,40.0969766658,0.0
124.317366425,418.378053275,40.0969766658,0.0
54.8282312661,230.840288033,40.0969766658,0.0
140.794751223,253.058088781,40.0969766658,0.0
421.041025248,358.916623239,40.0969766658,0.0
439.408076603,437.117236886,40.0969766658,0.0
@ 8300 10 1.0 0.192678314929
207.0319207,334.452741719,40.132986956,0.0
302.321670732,402.101807914,40.132986956,0.0
382.7799525,53.8290478469,40.132986956,0.0
232.836085779,194.251618639,40.132986956,0.0
213.612219902,92.30404834,40.132986956,0.0
180.007116864,464.111655937,40.132986956,0.0
138.707760818,167.11983914,40.132986956,0.0
302.813840119,121.351252297,40.132986956,0.0
402.386405292,191.243463889,40.132986956,0.0
43.1663257973,305.198168829,40.132986956,0.0
@ 8400 10 1.0 0.19302455139
428.247262979,454.772883127,40.3093516187,0.0
354.342150851,371.032953109,40.3093516187,0.0
427.7533577,143.063719508,40.3093516187,0.0
274.589937705,178.615512323,40.3093516187,0.0
385.620433669,70.4160597928,40.3093516187,0.0
185.305049987,262.858776518,40.3093516187,0.0
68.1660562023,264.568607793,40.3093516187,0.0
290.472467504,286.038390724,40.3093516187,0.0
451.167585294,226.733879498,40.3093516187,0.0
64.534776716,99.0147825351,40.3093516187,0.0
@ 8500 10 1.0 0.194724774221
267.443626051,272.174896373,40.5405462651,0.0
254.210975216,469.554468796,40.5405462651,0.0
316.948774798,124.308812963,40.5405462651,0.0
240.648791836,64.1744677397,40.5405462651,0.0
69.1574985369,264.906640407,40.5405462651,0.0
278.971537875,382.365760564,40.5405462651,0.0
362.26398217,303.097922655,40.5405462651,0.0
46.0648277327,370.380085318,40.5405462651,0.0
381.520625729,40.5904299002,40.5405462651,0.0
109.240410741,143.977144541,40.5405462651,0.0
@ 8600 10 1.0 0.196964871265
305.024656657,360.373152009,40.355506268,0.0
125.929048116,270.333905089,40.355506268,0.0
396.205258696,441.764921767,40.355506268,0.0
424.027252601,81.3122528587,40.355506268,0.0
154.051964229,133.812663976,40.355506268,0.0
446.203671329,353.639464337,40.355506268,0.0
109.51586592,387.220910356,40.355506268,0.0
41.5931649414,198.084949849,40.355506268,0.0
284.415597637,211.550208483,40.355506268,0.0
233.402514565,49.6409629111,40.355506268,0.0
@ 8700 10 1.0 0.195170953516
155.347363346,253.26196146,40.3145408394,0.0
292.77856537,218.566936284,40.3145408394,0.0
435.121152234,456.395718616,40.3145408394,0.0
446.972707603,248.984124706,40.3145408394,0.0
171.779592374,82.3058515736,40.3145408394,0.0
325.067825282,144.083909508,40.3145408394,0.0
82.2611435144,215.700707368,40.3145408394,0.0
263.788080215,75.172090981,40.3145408394,0.0
200.115861548,387.571287863,40.3145408394,0.0
432.118566529,85.3024859665,40.3145408394,0.0
@ 8800 10 1.0 0.194774913201
61.9041568,421.598291616,40.0787669264,0.0
243.607602924,238.084186567,40.0787669264,0.0
306.391732626,397.290775045,40.0787669264,0.0
321.354718763,273.420977219,40.0787669264,0.0
64.8109704732,326.026632724,40.0787669264,0.0
221.415563971,132.580608363,40.0787669264,0.0
211.34030456,452.526316263,40.0787669264,0.0
66.4861594403,40.4195967987,40.0787669264,0.0
363.644210469,463.734926433,40.0787669264,0.0
427.720603737,102.338637493,40.0787669264,0.0
@ 8900 10 1.0 0.192503347862
61.6682780491,145.234833091,39.778732953,0.0
310.781683718,50.0557426795,39.778732953,0.0
89.0002256286,374.658033903,39.778732953,0.0
280.74664738,334.699972112,39.778732953,0.0
124.460763992,213.365613846,39.778732953,0.0
367.032830002,111.085786364,39.778732953,0.0
219.595835428,433.978285954,39.778732953,0.0
202.019997543,248.638717472,39.778732953,0.0
80.5622312792,46.1434869012,39.778732953,0.0
399.442804713,421.458692223,39.778732953,0.0
@ 9000 10 1.0 0.189631934435
166.200231717,272.048001278,39.9707985839,0.0
462.390291826,60.183679731,39.9707985839,0.0
435.573098023,317.082647534,39.9707985839,0.0
352.435404232,386.762836176,39.9707985839,0.0
80.6568124376,88.4910936305,39.9707985839,0.0
282.010623926,59.646287509,39.9707985839,0.0
186.448772538,453.655634711,39.9707985839,0.0
167.811017088,166.517224148,39.9707985839,0.0
245.145493974,233.633373308,39.9707985839,0.0
468.748144751,446.826486275,39.9707985839,0.0
@ 9100 10 1.0 0.191467573881
60.148028542,243.42106401,39.9719869517,0.0
360.876263444,48.1014837657,39.9719869517,0.0
347.938744491,406.160650432,39.9719869517,0.0
467.881032698,87.2907100708,39.9719869517,0.0
138.107931939,73.166845256,39.9719869517,0.0
139.253576219,455.951802651,39.9719869517,0.0
285.315293756,236.421243942,39.9719869517,0.0
185.670077629,359.762066806,39.9719869517,0.0
236.24987779,40.3937816741,39.9719869517,0.0
217.832771769,284.974117897,39.9719869517,0.0
@ 9200 10 1.0 0.191478959057
64.067740844,117.715372588,40.2614203358,0.0
429.585633914,265.568728174,40.2614203358,0.0
388.545541639,431.153980153,40.2614203358,0.0
468.29085594,339.759238731,40.2614203358,0.0
290.236341351,230.435512695,40.2614203358,0.0
294.308340544,449.000583919,40.2614203358,0.0
69.9856471033,371.413545281,40.2614203358,0.0
196.419395125,456.211889981,40.2614203358,0.0
116.010795985,184.89584966,40.2614203358,0.0
197.206632712,239.250664738,40.2614203358,0.0
@ 9300 10 1.0 0.194261960569
410.048172323,283.031537272,40.7052225631,0.0
361.504947953,363.445634646,40.7052225631,0.0
470.610296929,417.04367795,40.7052225631,0.0
295.138649007,285.275238637,40.7052225631,0.0
71.1766542594,52.9225475744,40.7052225631,0.0
130.73698095,212.314045142,40.7052225631,0.0
177.669009272,308.279825815,40.7052225631,0.0
438.321690026,184.294282854,40.7052225631,0.0
65.0774792423,416.454025815,40.7052225631,0.0
159.940704128,99.2009083803,40.7052225631,0.0
@ 9400 10 1.0 0.198568269614
175.973660867,130.139051654,40.7757726853,0.0
45.9347868076,94.2446338507,40.7757726853,0.0
457.865408431,338.805114862,40.7757726853,0.0
89.1254142423,243.714849523,40.7757726853,0.0
315.847323165,58.0198530157,40.7757726853,0.0
82.1340031569,353.772526285,40.7757726853,0.0
239.815616858,331.036276088,40.7757726853,0.0
434.55364008,77.9614362938,40.7757726853,0.0
63.9508337111,444.813577494,40.7757726853,0.0
460.106362393,222.966642113,40.7757726853,0.0
@ 9500 10 1.0 0.199257181502
88.5517293118,197.06983172,40.817574994,0.0
211.555224161,61.8292365691,40.817574994,0.0
402.140242849,278.132437129,40.817574994,0.0
265.814427474,348.057541402,40.817574994,0.0
282.794084095,455.965181834,40.817574994,0.0
370.901435022,437.705326259,40.817574994,0.0
167.95090077,243.511254636,40.817574994,0.0
467.757429818,154.933682766,40.817574994,0.0
257.563681962,191.908543855,40.817574994,0.0
348.108855081,140.729606245,40.817574994,0.0
@ 9600 10 1.0 0.199665937939
137.433749336,223.218813888,40.7187670759,0.0
201.700445324,110.720809295,40.7187670759,0.0
232.634862699,369.547989704,40.7187670759,0.0
369.166460442,114.694221489,40.7187670759,0.0
158.172431684,322.016773209,40.7187670759,0.0
46.9182518765,267.638210233,40.7187670759,0.0
368.280192046,273.04069392,40.7187670759,0.0
405.931963521,415.712550013,40.7187670759,0.0
289.481200961,167.845761318,40.7187670759,0.0
461.460451143,96.4228049201,40.7187670759,0.0
@ 9700 10 1.0 0.198700437319
292.082321175,220.494466581,40.8873413745,0.0
63.4171969595,107.324317027,40.8873413745,0.0
455.802756038,354.324424794,40.8873413745,0.0
356.356191856,427.645305144,40.8873413745,0.0
54.7395395222,396.060056848,40.8873413745,0.0
159.58221256,220.83941898,40.8873413745,0.0
419.235433221,191.221888877,40.8873413745,0.0
463.676311291,450.722503514,40.8873413745,0.0
164.344365267,395.600864253,40.8873413745,0.0
415.749777182,62.7853007195,40.8873413745,0.0
@ 9800 10 1.0 0.200349068895
402.999311939,81.0049555764,41.1399129651,0.0
232.999237682,290.471948936,41.1399129651,0.0
217.658577158,42.4135989114,41.1399129651,0.0
181.436739633,441.195125106,41.1399129651,0.0
86.7736692344,273.746321784,41.1399129651,0.0
340.186580978,316.703622218,41.1399129651,0.0
419.567196106,260.413274668,41.1399129651,0.0
449.977783552,407.038874437,41.1399129651,0.0
375.522325569,448.992954384,41.1399129651,0.0
236.204882345,150.960845853,41.1399129651,0.0
@ 9900 10 1.0 0.202831929044
286.016620785,41.4898251829,41.3201543136,0.0
414.464228482,311.107575713,41.3201543136,0.0
73.324548058,231.057426843,41.3201543136,0.0
88.7032471052,72.4173855764,41.3201543136,0.0
160.29689453,167.714815961,41.3201543136,0.0
191.497073285,87.6980651372,41.3201543136,0.0
463.219469168,174.415702106,41.3201543136,0.0
437.808859065,414.551744388,41.3201543136,0.0
282.64584565,458.489217709,41.3201543136,0.0
205.887917471,395.930851317,41.3201543136,0.0
@ 10000 10 1.0 0.204613108579
