100 2.0 0.10021146994
200 2.0 0.100390068408
300 2.0 0.101759006666
400 2.0 0.105199580354
500 2.0 0.107989856273
600 2.0 0.110301851808
700 2.0 0.111575873487
800 2.0 0.113493777548
900 2.0 0.115500149509
1000 2.0 0.117081782395
1100 2.0 0.118995311396
1200 2.0 0.121979533839
1300 2.0 0.125223689763
1400 2.0 0.128058832913
1500 2.0 0.128491724222
1600 2.0 0.130326461426
1700 2.0 0.132440190151
1800 2.0 0.136290395636
1900 2.0 0.139152517681
2000 2.0 0.141961466355
2100 2.0 0.144232361188
2200 2.0 0.145333316052
2300 2.0 0.146743181194
2400 2.0 0.149976638239
2500 2.0 0.150542155379
2600 2.0 0.152883717675
2700 2.0 0.154238415132
2800 2.0 0.154673593808
2900 2.0 0.158403970364
3000 2.0 0.16065129477
3100 2.0 0.164362473489
3200 2.0 0.167709318387
3300 2.0 0.169189939152
3400 2.0 0.171076023384
3500 2.0 0.171955338957
3600 2.0 0.171912981371
3700 2.0 0.17381872803
3800 2.0 0.177428406622
3900 2.0 0.180524087205
4000 2.0 0.182131458529
4100 2.0 0.187149934423
4200 2.0 0.188879135486
4300 2.0 0.19148195696
4400 2.0 0.196843373664
4500 2.0 0.201079939072
4600 2.0 0.202859663281
4700 2.0 0.204592510478
4800 2.0 0.209425234218
4900 2.0 0.212943601665
5000 2.0 0.217007139178
5100 2.0 0.219598920753
5200 2.0 0.223530649858
5300 2.0 0.22725294165
5400 2.0 0.229985204058
5500 2.0 0.232003100062
5600 2.0 0.234363065105
5700 2.0 0.240498373143
5800 2.0 0.244607638346
5900 2.0 0.24121449725
6000 2.0 0.242187416128
6100 2.0 0.245987198546
6200 2.0 0.246164682083
6300 2.0 0.245498078452
6400 2.0 0.247742936336
6500 2.0 0.245952660497
6600 2.0 0.247775974143
6700 2.0 0.254223535344
6800 2.0 0.261072830341
6900 2.0 0.263595500505
7000 2.0 0.267057853693
7100 2.0 0.267654579958
7200 2.0 0.273144099636
7300 2.0 0.27856384366
7400 2.0 0.28027110981
7500 2.0 0.285184875633
7600 2.0 0.285754569754
7700 2.0 0.286746428217
7800 2.0 0.290320763765
7900 2.0 0.2967195577
8000 2.0 0.294673803804
8100 2.0 0.301339238287
8200 2.0 0.304489285481
8300 2.0 0.309447165093
8400 2.0 0.312333340579
8500 2.0 0.315987575694
8600 2.0 0.319465802468
8700 2.0 0.318407083785
8800 2.0 0.323979980254
8900 2.0 0.324011483866
9000 2.0 0.328736758963
9100 2.0 0.332996457301
9200 2.0 0.333080949156
9300 2.0 0.331968931396
9400 2.0 0.336257467712
9500 2.0 0.341365446197
9600 2.0 0.346140306005
9700 2.0 0.350414927517
9800 2.0 0.352911020737
9900 2.0 0.350455244613
10000 2.0 0.35279445703
10100 2.0 0.353006100005
10200 2.0 0.357528657558
10300 2.0 0.360920013891
10400 2.0 0.36348527174
10500 2.0 0.368027859015
10600 2.0 0.372097843269
10700 2.0 0.375330300226
10800 2.0 0.37914589127
10900 2.0 0.379378118232
11000 2.0 0.383236227213
11100 2.0 0.393118305322
11200 2.0 0.392857201678
11300 2.0 0.396373565222
11400 2.0 0.402070334098
11500 2.0 0.399534233508
11600 2.0 0.401277059463
11700 2.0 0.400359371062
11800 2.0 0.40350352112
11900 2.0 0.405945209046
12000 2.0 0.403477206719
12100 2.0 0.404184628279
12200 2.0 0.405584205249
12300 2.0 0.409466069471
12400 2.0 0.411159618306
12500 2.0 0.417132033142
12600 2.0 0.41577641445
12700 2.0 0.412497943989
12800 2.0 0.410244876899
12900 2.0 0.416684944365
13000 2.0 0.4250869336
13100 2.0 0.425053658272
13200 2.0 0.421302963962
13300 2.0 0.427161108982
13400 2.0 0.431435845295
13500 2.0 0.430413638911
13600 2.0 0.430331101074
13700 2.0 0.429169043529
13800 2.0 0.429854244789
13900 2.0 0.434136340864
14000 2.0 0.431386689575
14100 2.0 0.435539955458
14200 2.0 0.432846537657
14300 2.0 0.437554227118
14400 2.0 0.43836027137
14500 2.0 0.446591166305
14600 2.0 0.441195520744
14700 2.0 0.447461704247
14800 2.0 0.450933465557
14900 2.0 0.447436304258
15000 2.0 0.446561678793
15100 2.0 0.437786141847
15200 2.0 0.442860041857
15300 2.0 0.447380751128
15400 2.0 0.449638265678
15500 2.0 0.443880197769
15600 2.0 0.447619989711
15700 2.0 0.448880559103
15800 2.0 0.438979473636
15900 2.0 0.437182328919
16000 2.0 0.440014064203
16100 2.0 0.442391202922
16200 2.0 0.446778193529
16300 2.0 0.446918051267
16400 2.0 0.443463601529
16500 2.0 0.439242702063
16600 2.0 0.443366489063
16700 2.0 0.449181276905
16800 2.0 0.452197466935
16900 2.0 0.452184732596
17000 2.0 0.455639906449
17100 2.0 0.462941517464
17200 2.0 0.4678953267
17300 2.0 0.471858822246
17400 2.0 0.47153183558
17500 2.0 0.473196631553
17600 2.0 0.476184088428
17700 2.0 0.482105348968
17800 2.0 0.480747448729
17900 2.0 0.483589771105
18000 2.0 0.492057219509
18100 2.0 0.499385148841
18200 2.0 0.513884046666
18300 2.0 0.519299510194
18400 2.0 0.519932628638
18500 2.0 0.525244069391
18600 2.0 0.526372421232
18700 2.0 0.520057575528
18800 2.0 0.522624024327
18900 2.0 0.523876770027
19000 2.0 0.52252776783
19100 2.0 0.521377379398
19200 2.0 0.521612330693
19300 2.0 0.528479051991
19400 2.0 0.538945521429
19500 2.0 0.536515629945
19600 2.0 0.536167131954
19700 2.0 0.535268062964
19800 2.0 0.53741619689
19900 2.0 0.539924101381
20000 2.0 0.539220446791
20100 2.0 0.545043043454
20200 2.0 0.546397288434
20300 2.0 0.539271486615
20400 2.0 0.549666486239
20500 2.0 0.551509251327
20600 2.0 0.554888727338
20700 2.0 0.562562444594
20800 2.0 0.569378827758
20900 2.0 0.570297729684
21000 2.0 0.572219679563
21100 2.0 0.579298117498
21200 2.0 0.582215008267
21300 2.0 0.58745653525
21400 2.0 0.590539170329
21500 2.0 0.598007041822
21600 2.0 0.59528028152
21700 2.0 0.599340419073
21800 2.0 0.589103795084
21900 2.0 0.584895805968
22000 2.0 0.591393176862
22100 2.0 0.596499917696
22200 2.0 0.59676738062
22300 2.0 0.605454533624
22400 2.0 0.607836372417
22500 2.0 0.607573540257
22600 2.0 0.602603195907
22700 2.0 0.598727024444
22800 2.0 0.601522913998
22900 2.0 0.613848540155
23000 2.0 0.618134941028
23100 2.0 0.618622422255
23200 2.0 0.619749804815
23300 2.0 0.630657041
23400 2.0 0.625140107364
23500 2.0 0.621865699868
23600 2.0 0.614832001731
23700 2.0 0.613186668084
23800 2.0 0.62070813119
23900 2.0 0.619729428373
24000 2.0 0.613402032826
24100 2.0 0.621086205716
24200 2.0 0.619021174825
24300 2.0 0.606452626988
24400 2.0 0.599090426491
24500 2.0 0.590612655039
24600 2.0 0.585337247585
24700 2.0 0.586182654831
24800 2.0 0.589546131076
24900 2.0 0.590639620854
25000 2.0 0.589755490043
25100 2.0 0.58858467571
25200 2.0 0.594629978741
25300 2.0 0.595732952952
25400 2.0 0.588060594045
25500 2.0 0.593406237896
25600 2.0 0.591357527254
25700 2.0 0.588465076145
25800 2.0 0.57957728162
25900 2.0 0.588335624218
26000 2.0 0.590066362981
26100 2.0 0.589855210405
26200 2.0 0.589017776708
26300 2.0 0.578655699916
26400 2.0 0.57466530355
26500 2.0 0.574830652408
26600 2.0 0.574459856809
26700 2.0 0.56686004485
26800 2.0 0.572198172853
26900 2.0 0.574506897488
27000 2.0 0.56864305788
27100 2.0 0.572627952957
27200 2.0 0.569327263274
27300 2.0 0.56593814382
27400 2.0 0.567282636864
27500 2.0 0.561990144972
27600 2.0 0.559734283886
27700 2.0 0.562468892884
27800 2.0 0.562505324994
27900 2.0 0.555299498184
28000 2.0 0.546437580001
28100 2.0 0.540330811563
28200 2.0 0.546579123022
28300 2.0 0.546276359009
28400 2.0 0.546774770864
28500 2.0 0.540165056667
28600 2.0 0.537595513254
28700 2.0 0.532242343581
28800 2.0 0.531659119461
28900 2.0 0.538198135324
29000 2.0 0.53888254911
29100 2.0 0.541346887701
29200 2.0 0.534565591552
29300 2.0 0.537495340482
29400 2.0 0.536104962601
29500 2.0 0.535394152412
29600 2.0 0.544308303411
29700 2.0 0.548804929977
29800 2.0 0.549272576506
29900 2.0 0.553672154079
30000 2.0 0.550344529788
30100 2.0 0.548766187694
30200 2.0 0.551225774026
30300 2.0 0.558698919927
30400 2.0 0.555733840547
30500 2.0 0.554245865077
30600 2.0 0.555777407367
30700 2.0 0.55502845447
30800 2.0 0.548237455905
30900 2.0 0.549713710132
31000 2.0 0.54776838321
31100 2.0 0.539527901432
31200 2.0 0.531180467465
31300 2.0 0.530049541969
31400 2.0 0.529298766742
31500 2.0 0.53199863183
31600 2.0 0.535374210574
31700 2.0 0.535129949015
31800 2.0 0.530232466362
31900 2.0 0.532640028324
32000 2.0 0.533671177132
32100 2.0 0.534871689856
32200 2.0 0.539926323175
32300 2.0 0.5421044318
32400 2.0 0.545778110048
32500 2.0 0.544124284439
32600 2.0 0.544341196986
32700 2.0 0.547362111428
32800 2.0 0.550708022586
32900 2.0 0.544671635644
33000 2.0 0.548668767316
33100 2.0 0.551206442402
33200 2.0 0.556785112012
33300 2.0 0.554627172715
33400 2.0 0.558489313727
33500 2.0 0.558509991051
33600 2.0 0.558187740175
33700 2.0 0.559857523455
33800 2.0 0.558604976307
33900 2.0 0.555313384179
34000 2.0 0.558902754671
34100 2.0 0.554853637754
34200 2.0 0.555041196617
34300 2.0 0.550403678945
34400 2.0 0.547394645071
34500 2.0 0.551680767579
34600 2.0 0.556940034935
34700 2.0 0.55318391585
34800 2.0 0.553962785544
34900 2.0 0.559793822931
35000 2.0 0.553359969053
35100 2.0 0.551672823841
35200 2.0 0.554049908617
35300 2.0 0.55487372923
35400 2.0 0.556289215917
35500 2.0 0.556732597965
35600 2.0 0.562662861264
35700 2.0 0.558983850482
35800 2.0 0.553978740048
35900 2.0 0.547208672915
36000 2.0 0.552001485829
36100 2.0 0.553021531814
36200 2.0 0.555208512156
36300 2.0 0.559065744939
36400 2.0 0.563282182587
36500 2.0 0.562175047464
36600 2.0 0.559136091502
36700 2.0 0.558046385507
36800 2.0 0.547123105598
36900 2.0 0.55357847159
37000 2.0 0.559434276129
37100 2.0 0.554697920236
37200 2.0 0.555856795962
37300 2.0 0.555214157613
37400 2.0 0.551491870377
37500 2.0 0.552800992442
37600 2.0 0.548786732989
37700 2.0 0.555352354217
37800 2.0 0.558444665082
37900 2.0 0.558610271133
38000 2.0 0.560136801381
38100 2.0 0.564684242865
38200 2.0 0.559462703464
38300 2.0 0.554236419997
38400 2.0 0.551785764562
38500 2.0 0.551438158742
38600 2.0 0.55166134127
38700 2.0 0.54951846885
38800 2.0 0.551306617845
38900 2.0 0.556438774034
39000 2.0 0.556059200385
39100 2.0 0.56025971302
39200 2.0 0.558151131279
39300 2.0 0.551948210227
39400 2.0 0.554865407481
39500 2.0 0.551683300108
39600 2.0 0.552013195996
39700 2.0 0.542437060275
39800 2.0 0.546660371782
39900 2.0 0.546426227321
40000 2.0 0.553090946976
40100 2.0 0.551682871954
40200 2.0 0.542045575616
40300 2.0 0.545491460051
40400 2.0 0.54802274151
40500 2.0 0.554807644285
40600 2.0 0.554986470465
40700 2.0 0.555621109082
40800 2.0 0.552156975562
40900 2.0 0.548446057562
41000 2.0 0.556024008064
41100 2.0 0.559177895827
41200 2.0 0.558895891462
41300 2.0 0.560085183746
41400 2.0 0.566890950488
41500 2.0 0.571560904514
41600 2.0 0.567748353578
41700 2.0 0.569735929772
41800 2.0 0.571453912833
41900 2.0 0.567166001282
42000 2.0 0.571230999213
42100 2.0 0.57126069558
42200 2.0 0.571925013944
42300 2.0 0.572566064295
42400 2.0 0.576802178907
42500 2.0 0.581521954645
42600 2.0 0.584183980106
42700 2.0 0.589283175168
42800 2.0 0.594376097324
42900 2.0 0.596996274743
43000 2.0 0.599553507749
43100 2.0 0.603192795032
43200 2.0 0.612503800162
43300 2.0 0.607949377666
43400 2.0 0.605278289369
43500 2.0 0.598307866928
43600 2.0 0.598534933811
43700 2.0 0.61390943004
43800 2.0 0.611325964759
43900 2.0 0.611522687355
44000 2.0 0.614663796824
44100 2.0 0.609730979052
44200 2.0 0.602941011507
44300 2.0 0.601672548984
44400 2.0 0.592563206941
44500 2.0 0.588819782342
44600 2.0 0.589014964687
44700 2.0 0.588613079321
44800 2.0 0.586286755771
44900 2.0 0.585620204607
45000 2.0 0.575776573447
45100 2.0 0.566622471951
45200 2.0 0.568861173506
45300 2.0 0.569220097225
45400 2.0 0.572241028564
45500 2.0 0.585104670268
45600 2.0 0.59191718678
45700 2.0 0.592546689843
45800 2.0 0.595172026084
45900 2.0 0.589545503275
46000 2.0 0.586010200793
46100 2.0 0.579825676279
46200 2.0 0.582716283039
46300 2.0 0.585245045639
46400 2.0 0.586294283165
46500 2.0 0.578606465468
46600 2.0 0.576333230227
46700 2.0 0.579799757636
46800 2.0 0.580008609978
46900 2.0 0.575074595333
47000 2.0 0.582657473113
47100 2.0 0.579648316797
47200 2.0 0.584881291094
47300 2.0 0.582484827831
47400 2.0 0.58525818933
47500 2.0 0.580883782353
47600 2.0 0.579330391212
47700 2.0 0.57882360091
47800 2.0 0.578594771778
47900 2.0 0.575220370988
48000 2.0 0.580284395198
48100 2.0 0.582080615547
48200 2.0 0.581499032511
48300 2.0 0.577922901666
48400 2.0 0.579070800353
48500 2.0 0.584836675967
48600 2.0 0.588800594926
48700 2.0 0.582955180963
48800 2.0 0.58283367119
48900 2.0 0.588129872791
49000 2.0 0.590179323038
49100 2.0 0.58237125008
49200 2.0 0.585714298893
49300 2.0 0.585114710042
49400 2.0 0.583743870629
49500 2.0 0.591349580876
49600 2.0 0.582912870083
49700 2.0 0.580443289086
49800 2.0 0.568728590373
49900 2.0 0.563720192984
50000 2.0 0.561944431483
50100 2.0 0.563973467221
50200 2.0 0.565660029349
50300 2.0 0.571637372543
50400 2.0 0.571164102164
50500 2.0 0.576417559103
50600 2.0 0.57295371654
50700 2.0 0.580402340993
50800 2.0 0.570709319659
50900 2.0 0.574591800975
51000 2.0 0.574171614179
51100 2.0 0.574341132595
51200 2.0 0.565761242221
51300 2.0 0.56549073168
51400 2.0 0.569345076973
51500 2.0 0.580432870879
51600 2.0 0.588491036074
51700 2.0 0.590959025725
51800 2.0 0.586253375243
51900 2.0 0.586778533359
52000 2.0 0.592955967328
52100 2.0 0.589655891032
52200 2.0 0.581466512164
52300 2.0 0.583424647355
52400 2.0 0.589786442258
52500 2.0 0.576974932203
52600 2.0 0.575662934232
52700 2.0 0.573833011135
52800 2.0 0.570227880834
52900 2.0 0.55722918747
53000 2.0 0.564870798901
53100 2.0 0.55921353391
53200 2.0 0.56148561138
53300 2.0 0.562868210019
53400 2.0 0.555535071789
53500 2.0 0.557199287675
53600 2.0 0.564711712718
53700 2.0 0.569229888803
53800 2.0 0.563598692239
53900 2.0 0.568827184025
54000 2.0 0.562575956223
54100 2.0 0.571041337285
54200 2.0 0.574132041214
54300 2.0 0.578380799445
54400 2.0 0.579768667095
54500 2.0 0.583608447136
54600 2.0 0.579017021963
54700 2.0 0.57611817466
54800 2.0 0.578241515863
54900 2.0 0.582299451236
55000 2.0 0.588820215273
55100 2.0 0.585805230383
55200 2.0 0.588456951717
55300 2.0 0.594974678936
55400 2.0 0.597338392475
55500 2.0 0.599814213591
55600 2.0 0.60980724783
55700 2.0 0.616017137533
55800 2.0 0.616295919371
55900 2.0 0.611779686192
56000 2.0 0.608802767505
56100 2.0 0.590246449589
56200 2.0 0.579887827419
56300 2.0 0.583433112037
56400 2.0 0.580598360918
56500 2.0 0.583386347303
56600 2.0 0.582087389176
56700 2.0 0.583360617759
56800 2.0 0.5828816142
56900 2.0 0.589600905008
57000 2.0 0.583635749853
57100 2.0 0.589682488734
57200 2.0 0.590524307737
57300 2.0 0.590719102779
57400 2.0 0.5964029892
57500 2.0 0.595799992592
57600 2.0 0.598724550926
57700 2.0 0.597895476227
57800 2.0 0.59853731306
57900 2.0 0.594727102765
58000 2.0 0.594042875787
58100 2.0 0.598258044146
58200 2.0 0.59895554539
58300 2.0 0.601173123915
58400 2.0 0.603566639991
58500 2.0 0.610233965075
58600 2.0 0.61092599441
58700 2.0 0.602104264295
58800 2.0 0.608390638529
58900 2.0 0.605477530215
59000 2.0 0.618252383219
59100 2.0 0.613622519614
59200 2.0 0.61289746859
59300 2.0 0.617874976362
59400 2.0 0.615914933584
59500 2.0 0.613912081074
59600 2.0 0.606165165999
59700 2.0 0.602028772845
59800 2.0 0.600282869522
59900 2.0 0.604324797022
60000 2.0 0.60484053229
60100 2.0 0.603296841138
60200 2.0 0.597966377807
60300 2.0 0.586043082637
60400 2.0 0.577849955045
60500 2.0 0.5771287916
60600 2.0 0.577356267569
60700 2.0 0.583233964527
60800 2.0 0.582966024488
60900 2.0 0.582168332071
61000 2.0 0.585362535979
61100 2.0 0.584149265748
61200 2.0 0.590299666721
61300 2.0 0.583533352075
61400 2.0 0.58959393781
61500 2.0 0.584960221603
61600 2.0 0.581101521961
61700 2.0 0.575098626957
61800 2.0 0.578022318785
61900 2.0 0.578020443048
62000 2.0 0.575868607167
62100 2.0 0.566736910595
62200 2.0 0.569168913693
62300 2.0 0.579182733314
62400 2.0 0.582789479153
62500 2.0 0.582671184577
62600 2.0 0.580814074592
62700 2.0 0.573596822636
62800 2.0 0.576463982342
62900 2.0 0.578804311039
63000 2.0 0.583251064554
63100 2.0 0.589601874905
63200 2.0 0.589595145378
63300 2.0 0.594660315709
63400 2.0 0.59092766123
63500 2.0 0.58702752953
63600 2.0 0.582021552824
63700 2.0 0.582747118557
63800 2.0 0.575064607789
63900 2.0 0.582299160993
64000 2.0 0.588796447145
64100 2.0 0.584669035659
64200 2.0 0.587416892367
64300 2.0 0.582807422673
64400 2.0 0.58131074765
64500 2.0 0.579479330328
64600 2.0 0.584171649315
64700 2.0 0.584715288582
64800 2.0 0.579339282984
64900 2.0 0.583360124258
65000 2.0 0.575195800277
65100 2.0 0.569362476165
65200 2.0 0.561953795753
65300 2.0 0.560594590209
65400 2.0 0.561828709423
65500 2.0 0.576536012474
65600 2.0 0.578485434114
65700 2.0 0.570558430709
65800 2.0 0.572320576218
65900 2.0 0.573238774506
66000 2.0 0.582789124184
66100 2.0 0.574591867537
66200 2.0 0.567950953123
66300 2.0 0.567752913213
66400 2.0 0.568581640628
66500 2.0 0.567871790158
66600 2.0 0.575924618376
66700 2.0 0.571391247142
66800 2.0 0.57295062613
66900 2.0 0.570460665172
67000 2.0 0.568493824971
67100 2.0 0.576408467768
67200 2.0 0.576142986211
67300 2.0 0.597166614909
67400 2.0 0.589005603232
67500 2.0 0.593647797492
67600 2.0 0.603398921205
67700 2.0 0.596346165912
67800 2.0 0.594843663092
67900 2.0 0.593358286928
68000 2.0 0.595910552418
68100 2.0 0.599609154671
68200 2.0 0.593647567975
68300 2.0 0.595621330966
68400 2.0 0.588107649106
68500 2.0 0.590815476021
68600 2.0 0.59099965478
68700 2.0 0.581837042658
68800 2.0 0.576163362934
68900 2.0 0.577257571132
69000 2.0 0.577646124277
69100 2.0 0.582367796108
69200 2.0 0.586636260124
69300 2.0 0.58242230149
69400 2.0 0.572867770484
69500 2.0 0.574020147814
69600 2.0 0.567988173111
69700 2.0 0.572899727576
69800 2.0 0.578902813243
69900 2.0 0.584625928812
70000 2.0 0.575502431809
70100 2.0 0.578553073451
70200 2.0 0.57532372665
70300 2.0 0.575099235035
70400 2.0 0.577573020277
70500 2.0 0.576292771498
70600 2.0 0.582543844621
70700 2.0 0.58855332992
70800 2.0 0.594765158492
70900 2.0 0.604799387311
71000 2.0 0.611674236217
71100 2.0 0.609448298316
71200 2.0 0.596329152615
71300 2.0 0.596378384044
71400 2.0 0.591074885709
71500 2.0 0.595869750723
71600 2.0 0.590584641599
71700 2.0 0.596455679299
71800 2.0 0.602458628084
71900 2.0 0.600443076324
72000 2.0 0.592614736405
72100 2.0 0.59097945992
72200 2.0 0.591793830019
72300 2.0 0.577495394315
72400 2.0 0.584398690347
72500 2.0 0.582554652664
72600 2.0 0.583455476319
72700 2.0 0.585637608614
72800 2.0 0.582442851484
72900 2.0 0.578655814344
73000 2.0 0.5705032058
73100 2.0 0.565893723823
73200 2.0 0.55664717484
73300 2.0 0.560063514782
73400 2.0 0.566723888534
73500 2.0 0.556088264309
73600 2.0 0.553024809791
73700 2.0 0.557476118091
73800 2.0 0.556695489122
73900 2.0 0.547393503992
74000 2.0 0.546090655328
74100 2.0 0.546720022101
74200 2.0 0.547454693461
74300 2.0 0.545411552951
74400 2.0 0.549232982425
74500 2.0 0.554070827929
74600 2.0 0.551812717457
74700 2.0 0.564918318407
74800 2.0 0.572364908273
74900 2.0 0.573348531727
75000 2.0 0.574589697759
75100 2.0 0.580865533277
75200 2.0 0.574992233225
75300 2.0 0.56936546918
75400 2.0 0.56507895969
75500 2.0 0.564536285479
75600 2.0 0.564225869351
75700 2.0 0.569789357191
75800 2.0 0.56708376044
75900 2.0 0.565861675539
76000 2.0 0.560395063318
76100 2.0 0.556314605802
76200 2.0 0.567400474538
76300 2.0 0.569886944672
76400 2.0 0.571699395783
76500 2.0 0.567506295047
76600 2.0 0.564208348815
76700 2.0 0.556034003483
76800 2.0 0.549940209643
76900 2.0 0.556388821825
77000 2.0 0.563981006632
77100 2.0 0.571324705278
77200 2.0 0.57155628071
77300 2.0 0.569116690563
77400 2.0 0.571995023874
77500 2.0 0.577772228212
77600 2.0 0.57176787647
77700 2.0 0.569426553597
77800 2.0 0.567766849701
77900 2.0 0.564270834691
78000 2.0 0.562459572132
78100 2.0 0.55631792319
78200 2.0 0.549874322303
78300 2.0 0.549055651262
78400 2.0 0.558606817388
78500 2.0 0.560182874583
78600 2.0 0.563094538537
78700 2.0 0.570834632078
78800 2.0 0.570582871246
78900 2.0 0.576541639329
79000 2.0 0.575070002778
79100 2.0 0.57617705234
79200 2.0 0.572414188734
79300 2.0 0.574070555513
79400 2.0 0.576981225931
79500 2.0 0.579744317786
79600 2.0 0.59273884298
79700 2.0 0.589392672778
79800 2.0 0.593078460391
79900 2.0 0.598270615308
80000 2.0 0.59359899099
80100 2.0 0.592269130959
80200 2.0 0.591977263148
80300 2.0 0.59645520622
80400 2.0 0.591477404021
80500 2.0 0.590285307081
80600 2.0 0.581364534129
80700 2.0 0.578912559608
80800 2.0 0.579210352088
80900 2.0 0.577694916146
81000 2.0 0.584358930338
81100 2.0 0.590834237958
81200 2.0 0.598156383786
81300 2.0 0.599084599754
81400 2.0 0.589051810063
81500 2.0 0.591147101431
81600 2.0 0.592709878801
81700 2.0 0.602192299188
81800 2.0 0.604029698224
81900 2.0 0.60173831276
82000 2.0 0.598842870644
82100 2.0 0.591761186574
82200 2.0 0.584400800312
82300 2.0 0.582154378673
82400 2.0 0.578466097471
82500 2.0 0.572145910405
82600 2.0 0.57137433866
82700 2.0 0.577312303769
82800 2.0 0.581473530001
82900 2.0 0.579847587853
83000 2.0 0.581261587833
83100 2.0 0.576368007025
83200 2.0 0.572154144803
83300 2.0 0.57325601692
83400 2.0 0.576990513707
83500 2.0 0.579425810608
83600 2.0 0.577012477339
83700 2.0 0.588021789617
83800 2.0 0.583431162335
83900 2.0 0.584321633297
84000 2.0 0.588448460897
84100 2.0 0.583486838133
84200 2.0 0.587456243003
84300 2.0 0.591843350293
84400 2.0 0.586071359626
84500 2.0 0.590454549022
84600 2.0 0.585962457517
84700 2.0 0.588158900967
84800 2.0 0.58408201918
84900 2.0 0.577773018354
85000 2.0 0.582405706191
85100 2.0 0.576429690238
85200 2.0 0.57972368687
85300 2.0 0.57137017152
85400 2.0 0.56345324443
85500 2.0 0.56124154881
85600 2.0 0.556469337236
85700 2.0 0.561992931094
85800 2.0 0.559088028736
85900 2.0 0.556500781342
86000 2.0 0.553393049686
86100 2.0 0.558855914137
86200 2.0 0.561949489584
86300 2.0 0.563004430101
86400 2.0 0.560621273496
86500 2.0 0.55111951073
86600 2.0 0.560126218142
86700 2.0 0.552601509867
86800 2.0 0.547388291153
86900 2.0 0.54943768473
87000 2.0 0.546528986947
87100 2.0 0.55069208629
87200 2.0 0.547241391845
87300 2.0 0.554180349151
87400 2.0 0.561684620477
87500 2.0 0.561669518033
87600 2.0 0.564111243097
87700 2.0 0.561771351429
87800 2.0 0.564574786245
87900 2.0 0.553280431692
88000 2.0 0.562566057871
88100 2.0 0.557482199675
88200 2.0 0.560285431443
88300 2.0 0.558998677881
88400 2.0 0.55416589301
88500 2.0 0.562476253322
88600 2.0 0.549445947176
88700 2.0 0.550256304178
88800 2.0 0.546841994969
88900 2.0 0.549777180553
89000 2.0 0.552304638274
89100 2.0 0.565203840352
89200 2.0 0.57166030168
89300 2.0 0.564470861147
89400 2.0 0.566208536801
89500 2.0 0.56286961552
89600 2.0 0.570535097976
89700 2.0 0.573782815085
89800 2.0 0.565311541129
89900 2.0 0.571914002174
90000 2.0 0.575903675462
90100 2.0 0.574777866105
90200 2.0 0.572975980943
90300 2.0 0.579644408033
90400 2.0 0.570900148952
90500 2.0 0.577127480077
90600 2.0 0.558619615674
90700 2.0 0.560537803285
90800 2.0 0.552957699183
90900 2.0 0.551701213327
91000 2.0 0.54793211088
91100 2.0 0.54810278875
91200 2.0 0.54869587763
91300 2.0 0.551335776647
91400 2.0 0.563143842321
91500 2.0 0.559342894295
91600 2.0 0.55334792262
91700 2.0 0.556677567863
91800 2.0 0.554266445336
91900 2.0 0.562505766832
92000 2.0 0.562402417234
92100 2.0 0.568119075258
92200 2.0 0.556909448532
92300 2.0 0.555128156001
92400 2.0 0.55571532511
92500 2.0 0.557171390899
92600 2.0 0.556677949478
92700 2.0 0.558935587192
92800 2.0 0.55526428787
92900 2.0 0.556590709131
93000 2.0 0.556723686953
93100 2.0 0.557227976784
93200 2.0 0.5630867348
93300 2.0 0.578267015746
93400 2.0 0.570676936555
93500 2.0 0.578717178999
93600 2.0 0.577414613021
93700 2.0 0.577003196728
93800 2.0 0.571347226352
93900 2.0 0.569007231312
94000 2.0 0.571929066093
94100 2.0 0.577984788904
94200 2.0 0.581781512991
94300 2.0 0.57657024915
94400 2.0 0.581714222227
94500 2.0 0.58169511742
94600 2.0 0.576138835524
94700 2.0 0.579234728946
94800 2.0 0.579332106577
94900 2.0 0.568810494984
95000 2.0 0.568641550494
95100 2.0 0.565323421219
95200 2.0 0.564487332485
95300 2.0 0.570737005596
95400 2.0 0.572198395378
95500 2.0 0.578904727216
95600 2.0 0.591941046514
95700 2.0 0.593407709802
95800 2.0 0.58522503012
95900 2.0 0.586563640848
96000 2.0 0.594454391473
96100 2.0 0.604547589249
96200 2.0 0.589680642947
96300 2.0 0.59064040298
96400 2.0 0.594176721569
96500 2.0 0.585442714581
96600 2.0 0.589743601594
96700 2.0 0.592222627511
96800 2.0 0.582817304479
96900 2.0 0.58658287735
97000 2.0 0.585075732578
97100 2.0 0.590330529977
97200 2.0 0.591881426665
97300 2.0 0.591377348843
97400 2.0 0.588241663458
97500 2.0 0.591821111118
97600 2.0 0.588049597665
97700 2.0 0.593089005205
97800 2.0 0.587561632011
97900 2.0 0.583253330293
98000 2.0 0.591219270929
98100 2.0 0.592086193662
98200 2.0 0.581590260769
98300 2.0 0.59036465817
98400 2.0 0.582007982308
98500 2.0 0.59128868698
98600 2.0 0.593876599246
98700 2.0 0.596393343311
98800 2.0 0.607033186097
98900 2.0 0.603786270391
99000 2.0 0.600765373486
99100 2.0 0.602032215903
99200 2.0 0.594117111346
99300 2.0 0.602353736818
99400 2.0 0.60275640868
99500 2.0 0.613787796639
99600 2.0 0.618666180713
99700 2.0 0.616960202519
99800 2.0 0.61637865345
99900 2.0 0.621420692422
100000 2.0 0.626266818773
100100 2.0 0.631814666798
100200 2.0 0.624406006145
100300 2.0 0.626062729963
100400 2.0 0.627746175628
100500 2.0 0.61529748748
100600 2.0 0.611030963976
100700 2.0 0.609871481552
100800 2.0 0.603238744203
100900 2.0 0.604867586505
101000 2.0 0.612993098002
101100 2.0 0.598975692707
101200 2.0 0.603936151617
101300 2.0 0.604514899677
101400 2.0 0.608073169768
101500 2.0 0.607347642455
101600 2.0 0.605125955184
101700 2.0 0.610147607966
101800 2.0 0.606936822421
101900 2.0 0.604508503775
102000 2.0 0.611268276624
102100 2.0 0.607069326633
102200 2.0 0.60330949989
102300 2.0 0.603747436811
102400 2.0 0.597880385997
102500 2.0 0.592271853437
102600 2.0 0.590013023849
102700 2.0 0.590552511896
102800 2.0 0.584239204984
102900 2.0 0.589127983869
103000 2.0 0.586949370639
103100 2.0 0.591638273454
103200 2.0 0.592491775179
103300 2.0 0.589497134666
103400 2.0 0.596084702081
103500 2.0 0.589853943026
103600 2.0 0.583951551078
103700 2.0 0.58174139271
103800 2.0 0.582722828062
103900 2.0 0.589022653368
104000 2.0 0.590238448398
104100 2.0 0.589054642775
104200 2.0 0.596574048498
104300 2.0 0.592942556384
104400 2.0 0.597229416579
104500 2.0 0.597654499968
104600 2.0 0.596966210156
104700 2.0 0.597572397231
104800 2.0 0.591184192421
104900 2.0 0.591327920232
105000 2.0 0.595642644577
105100 2.0 0.594945776202
105200 2.0 0.586915172365
105300 2.0 0.589933974717
105400 2.0 0.593371563667
105500 2.0 0.600696158238
105600 2.0 0.604390813036
105700 2.0 0.607730004786
105800 2.0 0.609328616705
105900 2.0 0.61338030765
106000 2.0 0.610174520167
106100 2.0 0.6027474183
106200 2.0 0.601618522363
106300 2.0 0.592918218856
106400 2.0 0.595191295458
106500 2.0 0.59139906198
106600 2.0 0.602820463718
106700 2.0 0.606790021591
106800 2.0 0.602750958234
106900 2.0 0.604658082473
107000 2.0 0.60657336737
107100 2.0 0.605587841968
107200 2.0 0.606210762833
107300 2.0 0.598294377867
107400 2.0 0.598137744127
107500 2.0 0.596220516199
107600 2.0 0.59298316969
107700 2.0 0.594036228984
107800 2.0 0.588695197587
107900 2.0 0.585208046201
108000 2.0 0.588662328909
108100 2.0 0.588262013137
108200 2.0 0.589731631513
108300 2.0 0.589978797097
108400 2.0 0.595166994056
108500 2.0 0.595686729228
108600 2.0 0.595234553656
108700 2.0 0.588915844492
108800 2.0 0.593897266754
108900 2.0 0.591976627135
109000 2.0 0.587816413274
109100 2.0 0.594497541385
109200 2.0 0.599801966644
109300 2.0 0.60198197026
109400 2.0 0.604550897232
109500 2.0 0.60496394764
109600 2.0 0.603545911709
109700 2.0 0.604803167865
109800 2.0 0.607675207949
109900 2.0 0.610943650557
110000 2.0 0.604235663662
110100 2.0 0.60722026371
110200 2.0 0.599174613257
110300 2.0 0.602780218559
110400 2.0 0.593689319077
110500 2.0 0.597208762222
110600 2.0 0.589659898682
110700 2.0 0.588963104318
110800 2.0 0.59015296506
110900 2.0 0.595505720743
111000 2.0 0.60394718192
111100 2.0 0.601039177985
111200 2.0 0.598436164827
111300 2.0 0.610881611264
111400 2.0 0.612305912411
111500 2.0 0.613572817872
111600 2.0 0.617724145375
111700 2.0 0.614496562566
111800 2.0 0.61067143992
111900 2.0 0.613539382685
112000 2.0 0.601948351853
112100 2.0 0.599305744435
112200 2.0 0.588593636107
112300 2.0 0.587483452911
112400 2.0 0.589665614233
112500 2.0 0.583167553386
112600 2.0 0.576906957309
112700 2.0 0.577798238271
112800 2.0 0.586607420623
112900 2.0 0.581570525469
113000 2.0 0.576485621646
113100 2.0 0.579788676499
113200 2.0 0.579088058676
113300 2.0 0.572227992983
113400 2.0 0.567526493529
113500 2.0 0.562993620693
113600 2.0 0.567361289574
113700 2.0 0.569200010459
113800 2.0 0.568931821111
113900 2.0 0.58031997208
114000 2.0 0.591481723003
114100 2.0 0.592116338742
114200 2.0 0.592300999255
114300 2.0 0.590230028436
114400 2.0 0.583684543848
114500 2.0 0.584131738499
114600 2.0 0.582135819889
114700 2.0 0.579887724386
114800 2.0 0.577631873848
114900 2.0 0.584539251518
115000 2.0 0.57617910855
115100 2.0 0.579594074721
115200 2.0 0.573845104524
115300 2.0 0.569847883161
115400 2.0 0.56730670503
115500 2.0 0.568969893069
115600 2.0 0.564751690182
115700 2.0 0.568519315555
115800 2.0 0.565682128687
115900 2.0 0.561318005596
116000 2.0 0.572418044017
116100 2.0 0.572415837888
116200 2.0 0.565425117486
116300 2.0 0.562851811677
116400 2.0 0.558017782826
116500 2.0 0.553094393863
116600 2.0 0.549871474817
116700 2.0 0.554154380252
116800 2.0 0.5505027988
116900 2.0 0.542252017604
117000 2.0 0.539592560057
117100 2.0 0.536064675374
117200 2.0 0.537183126763
117300 2.0 0.542144089566
117400 2.0 0.551983687376
117500 2.0 0.55508759227
117600 2.0 0.559591488476
117700 2.0 0.559397396971
117800 2.0 0.561568367368
117900 2.0 0.564592768363
118000 2.0 0.563268477281
118100 2.0 0.554724517844
118200 2.0 0.557498927763
118300 2.0 0.556077193028
118400 2.0 0.555934473236
118500 2.0 0.556268075816
118600 2.0 0.552973871853
118700 2.0 0.558807496378
118800 2.0 0.562064615483
118900 2.0 0.560377359001
119000 2.0 0.561416710032
119100 2.0 0.56074007882
119200 2.0 0.557768480076
119300 2.0 0.560376443296
119400 2.0 0.553947696867
119500 2.0 0.556015972255
119600 2.0 0.555216275875
119700 2.0 0.550421562659
119800 2.0 0.551896151187
119900 2.0 0.552886006552
120000 2.0 0.540933916759
120100 2.0 0.535835521046
120200 2.0 0.547424971321
120300 2.0 0.546023877634
120400 2.0 0.549386859726
120500 2.0 0.546366383767
120600 2.0 0.559271696231
120700 2.0 0.554539605492
120800 2.0 0.55641856035
120900 2.0 0.553362176989
121000 2.0 0.561322416202
121100 2.0 0.559561004988
121200 2.0 0.564562451092
121300 2.0 0.569215560786
121400 2.0 0.567984068736
121500 2.0 0.567032279581
121600 2.0 0.56787617661
121700 2.0 0.568500466076
121800 2.0 0.566033439059
121900 2.0 0.564879866422
122000 2.0 0.565175478744
122100 2.0 0.573451552797
122200 2.0 0.578737733076
122300 2.0 0.574431987683
122400 2.0 0.57555792726
122500 2.0 0.576246238387
122600 2.0 0.564466241603
122700 2.0 0.554067381329
122800 2.0 0.564287757202
122900 2.0 0.564852309132
123000 2.0 0.571624598864
123100 2.0 0.56625384937
123200 2.0 0.566137819237
123300 2.0 0.566513011098
123400 2.0 0.566927326603
123500 2.0 0.567319541523
123600 2.0 0.572842141733
123700 2.0 0.572866672851
123800 2.0 0.583039182523
123900 2.0 0.590264680228
124000 2.0 0.583095710594
124100 2.0 0.579651041075
124200 2.0 0.58386503918
124300 2.0 0.592077356871
124400 2.0 0.594219966809
124500 2.0 0.59319584183
124600 2.0 0.601145365885
124700 2.0 0.595542095844
124800 2.0 0.598368705369
124900 2.0 0.596400482329
125000 2.0 0.596480971282
125100 2.0 0.593934383582
125200 2.0 0.591578899825
125300 2.0 0.585173449153
125400 2.0 0.579886001152
125500 2.0 0.565758051966
125600 2.0 0.565305100695
125700 2.0 0.5600941102
125800 2.0 0.565019716776
125900 2.0 0.571125387952
126000 2.0 0.570536598481
126100 2.0 0.566058239861
126200 2.0 0.566517349975
126300 2.0 0.573332609085
126400 2.0 0.563394247121
126500 2.0 0.558305667715
126600 2.0 0.551092951202
126700 2.0 0.546376815083
126800 2.0 0.546791499168
126900 2.0 0.538655096543
127000 2.0 0.534907146098
127100 2.0 0.531244438526
127200 2.0 0.534250496974
127300 2.0 0.532286814669
127400 2.0 0.536199200025
127500 2.0 0.539266693702
127600 2.0 0.540901548849
127700 2.0 0.532661180465
127800 2.0 0.535093990059
127900 2.0 0.536358361089
128000 2.0 0.540091414422
128100 2.0 0.549676552391
128200 2.0 0.550726488517
128300 2.0 0.548791051608
128400 2.0 0.547472149908
128500 2.0 0.549858048313
128600 2.0 0.550646689503
128700 2.0 0.556460574801
128800 2.0 0.551769186031
128900 2.0 0.553003954714
129000 2.0 0.551170346659
129100 2.0 0.545133513507
129200 2.0 0.5470913198
129300 2.0 0.547311307717
129400 2.0 0.552474784481
129500 2.0 0.552126262456
129600 2.0 0.556681784039
129700 2.0 0.552807744264
129800 2.0 0.553286611048
129900 2.0 0.549362010888
130000 2.0 0.541859984681
130100 2.0 0.539506934419
130200 2.0 0.538049583539
130300 2.0 0.528345224142
130400 2.0 0.521783712867
130500 2.0 0.535486600625
130600 2.0 0.542860767875
130700 2.0 0.542115519059
130800 2.0 0.543036849042
130900 2.0 0.539732808145
131000 2.0 0.540898833394
131100 2.0 0.534152517065
131200 2.0 0.53435508982
131300 2.0 0.537460786234
131400 2.0 0.548055521229
131500 2.0 0.55033869893
131600 2.0 0.555221934058
131700 2.0 0.554766841055
131800 2.0 0.552717923446
131900 2.0 0.553745088454
132000 2.0 0.545825120224
132100 2.0 0.535064053778
132200 2.0 0.536478674045
132300 2.0 0.535939411661
132400 2.0 0.542759382478
132500 2.0 0.543581946654
132600 2.0 0.553458144248
132700 2.0 0.563037524582
132800 2.0 0.569735358795
132900 2.0 0.572278338468
133000 2.0 0.574720211441
133100 2.0 0.579977555582
133200 2.0 0.57295587914
133300 2.0 0.574988703404
133400 2.0 0.581983070135
133500 2.0 0.588766701405
133600 2.0 0.590725291465
133700 2.0 0.582115549056
133800 2.0 0.581134240356
133900 2.0 0.580978435101
134000 2.0 0.568969096709
134100 2.0 0.567355666455
134200 2.0 0.572959550326
134300 2.0 0.567423291479
134400 2.0 0.571644571066
134500 2.0 0.565090629082
134600 2.0 0.555712430457
134700 2.0 0.555153567283
134800 2.0 0.556535737667
134900 2.0 0.557069377591
135000 2.0 0.55616895025
135100 2.0 0.563295971962
135200 2.0 0.563655014332
135300 2.0 0.563012406253
135400 2.0 0.562934417848
135500 2.0 0.563921307968
135600 2.0 0.5709109802
135700 2.0 0.569555704449
135800 2.0 0.574057972949
135900 2.0 0.573939339941
136000 2.0 0.570519618642
136100 2.0 0.581297687167
136200 2.0 0.58612345504
136300 2.0 0.588164987514
136400 2.0 0.590237569254
136500 2.0 0.596105301526
136600 2.0 0.595205755746
136700 2.0 0.588248574257
136800 2.0 0.593973497802
136900 2.0 0.59194828366
137000 2.0 0.600416932099
137100 2.0 0.588630612396
137200 2.0 0.580231744429
137300 2.0 0.585706037095
137400 2.0 0.575077649009
137500 2.0 0.577125891351
137600 2.0 0.571500153057
137700 2.0 0.562492956579
137800 2.0 0.55493051021
137900 2.0 0.545530877242
138000 2.0 0.539910625335
138100 2.0 0.528418981092
138200 2.0 0.532963772872
138300 2.0 0.544716974844
138400 2.0 0.542170504024
138500 2.0 0.538247934661
138600 2.0 0.546917404724
138700 2.0 0.540978655633
138800 2.0 0.543518560029
138900 2.0 0.543712458003
139000 2.0 0.555849788041
139100 2.0 0.565241566252
139200 2.0 0.558003704327
139300 2.0 0.555424533438
139400 2.0 0.55673243971
139500 2.0 0.55163164444
139600 2.0 0.555013980988
139700 2.0 0.55728078236
139800 2.0 0.560063377351
139900 2.0 0.559320702246
140000 2.0 0.560659817249
140100 2.0 0.557086347314
140200 2.0 0.557400796499
140300 2.0 0.56641872277
140400 2.0 0.564443517537
140500 2.0 0.563172672529
140600 2.0 0.553719879405
140700 2.0 0.54799831436
140800 2.0 0.544763455819
140900 2.0 0.537657752684
141000 2.0 0.534346547669
141100 2.0 0.537387050559
141200 2.0 0.5320074739
141300 2.0 0.537833038611
141400 2.0 0.546350805679
141500 2.0 0.548419633077
141600 2.0 0.545632825704
141700 2.0 0.547942690651
141800 2.0 0.554065988804
141900 2.0 0.547011818713
142000 2.0 0.549880044354
142100 2.0 0.549260667923
142200 2.0 0.544616860126
142300 2.0 0.541616997303
142400 2.0 0.548593846055
142500 2.0 0.553689148971
142600 2.0 0.553244348203
142700 2.0 0.553298273097
142800 2.0 0.552472517848
142900 2.0 0.555217965605
143000 2.0 0.557121684106
143100 2.0 0.55962028059
143200 2.0 0.558298696079
143300 2.0 0.548346574815
143400 2.0 0.546103036058
143500 2.0 0.549485090764
143600 2.0 0.543242019062
143700 2.0 0.531770139423
143800 2.0 0.536969504932
143900 2.0 0.542550866818
144000 2.0 0.541459351391
144100 2.0 0.539969819186
144200 2.0 0.53791224125
144300 2.0 0.536824982505
144400 2.0 0.541494279124
144500 2.0 0.544486366622
144600 2.0 0.545988455867
144700 2.0 0.54644653309
144800 2.0 0.550341764193
144900 2.0 0.543747305717
145000 2.0 0.546543380331
145100 2.0 0.547105846372
145200 2.0 0.555286962213
145300 2.0 0.550811134487
145400 2.0 0.55486572547
145500 2.0 0.556955527438
145600 2.0 0.559134279997
145700 2.0 0.565966822521
145800 2.0 0.566505489772
145900 2.0 0.564665804517
146000 2.0 0.566929447016
146100 2.0 0.567983255411
146200 2.0 0.573063113898
146300 2.0 0.565142806992
146400 2.0 0.565118045135
146500 2.0 0.566935218906
146600 2.0 0.559869038525
146700 2.0 0.562529439949
146800 2.0 0.562618390255
146900 2.0 0.561164735605
147000 2.0 0.566436659544
147100 2.0 0.560087973848
147200 2.0 0.562250214453
147300 2.0 0.569951218759
147400 2.0 0.571690436754
147500 2.0 0.575682593285
147600 2.0 0.571617072008
147700 2.0 0.572293761487
147800 2.0 0.574046498024
147900 2.0 0.577218694341
148000 2.0 0.567078395649
148100 2.0 0.56663657863
148200 2.0 0.566858862582
148300 2.0 0.565763697305
148400 2.0 0.571439888549
148500 2.0 0.572594161204
148600 2.0 0.570794405246
148700 2.0 0.575185084738
148800 2.0 0.576242845051
148900 2.0 0.573582252452
149000 2.0 0.569511706936
149100 2.0 0.573071299393
149200 2.0 0.567226504117
149300 2.0 0.572979516404
149400 2.0 0.583604852024
149500 2.0 0.57456217551
149600 2.0 0.579712099939
149700 2.0 0.577233174349
149800 2.0 0.581687245366
149900 2.0 0.592437862591
150000 2.0 0.598923490635
150100 2.0 0.590195142366
150200 2.0 0.581231623552
150300 2.0 0.578183212745
150400 2.0 0.576095228459
150500 2.0 0.578134990512
150600 2.0 0.567960724557
150700 2.0 0.571881009548
150800 2.0 0.578104570674
150900 2.0 0.567357104242
151000 2.0 0.557352155341
151100 2.0 0.558728773084
151200 2.0 0.553636699905
151300 2.0 0.553950171716
151400 2.0 0.561959836188
151500 2.0 0.564034633497
151600 2.0 0.565399454092
151700 2.0 0.571232303207
151800 2.0 0.574444600939
151900 2.0 0.569286150756
152000 2.0 0.570542760803
152100 2.0 0.571735517845
152200 2.0 0.576490000573
152300 2.0 0.576890913647
152400 2.0 0.571093161153
152500 2.0 0.568234863736
152600 2.0 0.571039535204
152700 2.0 0.578036607916
152800 2.0 0.583526620549
152900 2.0 0.589297346125
153000 2.0 0.584054053062
153100 2.0 0.583708072552
153200 2.0 0.580207874787
153300 2.0 0.579532889516
153400 2.0 0.589184204199
153500 2.0 0.594666847352
153600 2.0 0.59312414895
153700 2.0 0.583203557663
153800 2.0 0.580773233483
153900 2.0 0.579787000711
154000 2.0 0.59313607854
154100 2.0 0.598097326792
154200 2.0 0.597855681621
154300 2.0 0.596497305673
154400 2.0 0.595509094118
154500 2.0 0.594744693265
154600 2.0 0.596073993742
154700 2.0 0.591801410576
154800 2.0 0.594884772612
154900 2.0 0.587455906433
155000 2.0 0.582660322549
155100 2.0 0.585337714573
155200 2.0 0.57930202036
155300 2.0 0.587870569396
155400 2.0 0.590774010908
155500 2.0 0.572196478867
155600 2.0 0.576904614157
155700 2.0 0.57206691693
155800 2.0 0.564231234893
155900 2.0 0.560423020275
156000 2.0 0.566759734643
156100 2.0 0.574791896596
156200 2.0 0.577159701865
156300 2.0 0.575061946394
156400 2.0 0.577211705391
156500 2.0 0.580782252657
156600 2.0 0.575126739258
156700 2.0 0.577971730041
156800 2.0 0.580815680285
156900 2.0 0.577960115188
157000 2.0 0.575400825987
157100 2.0 0.572195384058
157200 2.0 0.56606778758
157300 2.0 0.558929219448
157400 2.0 0.547880769927
157500 2.0 0.547659998182
157600 2.0 0.546137696519
157700 2.0 0.553045788958
157800 2.0 0.552523311751
157900 2.0 0.550287924922
158000 2.0 0.551891750593
158100 2.0 0.543452662695
158200 2.0 0.544491969831
158300 2.0 0.548412831898
158400 2.0 0.550245054849
158500 2.0 0.546629586979
158600 2.0 0.546511613749
158700 2.0 0.550626259481
158800 2.0 0.549430954844
158900 2.0 0.547409919874
159000 2.0 0.551024148654
159100 2.0 0.55709611108
159200 2.0 0.560045106946
159300 2.0 0.556899902848
159400 2.0 0.559668621123
159500 2.0 0.567902791139
159600 2.0 0.564330557718
159700 2.0 0.569113419325
159800 2.0 0.575611733898
159900 2.0 0.57208033248
160000 2.0 0.567448362138
160100 2.0 0.561476919007
160200 2.0 0.552740498288
160300 2.0 0.551180267605
160400 2.0 0.552454289478
160500 2.0 0.562369482025
160600 2.0 0.56445803619
160700 2.0 0.557930373956
160800 2.0 0.555045879205
160900 2.0 0.562027389512
161000 2.0 0.561304493928
161100 2.0 0.552254767379
161200 2.0 0.55045780752
161300 2.0 0.555682012613
161400 2.0 0.551101138759
161500 2.0 0.552384909758
161600 2.0 0.551715399781
161700 2.0 0.570041187746
161800 2.0 0.580207597457
161900 2.0 0.582118756883
162000 2.0 0.578406675926
162100 2.0 0.577726269503
162200 2.0 0.583629222016
162300 2.0 0.572968152406
162400 2.0 0.570632878849
162500 2.0 0.573516598188
162600 2.0 0.576353739044
162700 2.0 0.570445855527
162800 2.0 0.565438305386
162900 2.0 0.560405630457
163000 2.0 0.550350404148
163100 2.0 0.561092762014
163200 2.0 0.561876710786
163300 2.0 0.560625029368
163400 2.0 0.562933385744
163500 2.0 0.558638780768
163600 2.0 0.564979649422
163700 2.0 0.560987425912
163800 2.0 0.559136822232
163900 2.0 0.561672856668
164000 2.0 0.563442786255
164100 2.0 0.567628400307
164200 2.0 0.569397407001
164300 2.0 0.572702535503
164400 2.0 0.568682427581
164500 2.0 0.565782281385
164600 2.0 0.571439928451
164700 2.0 0.570710855703
164800 2.0 0.583670819866
164900 2.0 0.586519947446
165000 2.0 0.58741464942
165100 2.0 0.579669142189
165200 2.0 0.591158516392
165300 2.0 0.592430668323
165400 2.0 0.58283389766
165500 2.0 0.585404232345
165600 2.0 0.582841841075
165700 2.0 0.587542777273
165800 2.0 0.586579854611
165900 2.0 0.586916250279
166000 2.0 0.587097513948
166100 2.0 0.59916033966
166200 2.0 0.601997971805
166300 2.0 0.608410285759
166400 2.0 0.61424939097
166500 2.0 0.605616351986
166600 2.0 0.607338967942
166700 2.0 0.596509192166
166800 2.0 0.591271034877
166900 2.0 0.60013378123
167000 2.0 0.601962090053
167100 2.0 0.602942627708
167200 2.0 0.602683585484
167300 2.0 0.590019566684
167400 2.0 0.593051463642
167500 2.0 0.590448514091
167600 2.0 0.584543454894
167700 2.0 0.585354952529
167800 2.0 0.596683567687
167900 2.0 0.595866176681
168000 2.0 0.596010224602
168100 2.0 0.604253590771
168200 2.0 0.602803926546
168300 2.0 0.603404235668
168400 2.0 0.604230259143
168500 2.0 0.614341671354
168600 2.0 0.607753207115
168700 2.0 0.604637152066
168800 2.0 0.597251196031
168900 2.0 0.596336470031
169000 2.0 0.596213342014
169100 2.0 0.603635778484
169200 2.0 0.599407011425
169300 2.0 0.601538809176
169400 2.0 0.600780483903
169500 2.0 0.596582707297
169600 2.0 0.599848969973
169700 2.0 0.596148541309
169800 2.0 0.592161876958
169900 2.0 0.587100888577
170000 2.0 0.578535902375
170100 2.0 0.577920058868
170200 2.0 0.58142135407
170300 2.0 0.574408399695
170400 2.0 0.573980853519
170500 2.0 0.576277738051
170600 2.0 0.576069899574
170700 2.0 0.57177999598
170800 2.0 0.571182992853
170900 2.0 0.569946408641
171000 2.0 0.569528040331
171100 2.0 0.568433218843
171200 2.0 0.580769843732
171300 2.0 0.583303763973
171400 2.0 0.57535862457
171500 2.0 0.579509211212
171600 2.0 0.581369956084
171700 2.0 0.586525394487
171800 2.0 0.588537844848
171900 2.0 0.588272339679
172000 2.0 0.589691271561
172100 2.0 0.588034737544
172200 2.0 0.591618658803
172300 2.0 0.599924766862
172400 2.0 0.606457914584
172500 2.0 0.595670765823
172600 2.0 0.606461245857
172700 2.0 0.605422740764
172800 2.0 0.602246592955
172900 2.0 0.6125207401
173000 2.0 0.606685818481
173100 2.0 0.606472149475
173200 2.0 0.60826342523
173300 2.0 0.609271811863
173400 2.0 0.612499838451
173500 2.0 0.609018611202
173600 2.0 0.607969623591
173700 2.0 0.602548690084
173800 2.0 0.596221234153
173900 2.0 0.601407898569
174000 2.0 0.606314208287
174100 2.0 0.599469108388
174200 2.0 0.594950152981
174300 2.0 0.596302717352
174400 2.0 0.585914537205
174500 2.0 0.59324545595
174600 2.0 0.600901644111
174700 2.0 0.600745826798
174800 2.0 0.597604819121
174900 2.0 0.599479106722
175000 2.0 0.601025966522
175100 2.0 0.601064584875
175200 2.0 0.606795910644
175300 2.0 0.605043767373
175400 2.0 0.594530772443
175500 2.0 0.596852116225
175600 2.0 0.599207774231
175700 2.0 0.610339313319
175800 2.0 0.610730662579
175900 2.0 0.609154411954
176000 2.0 0.597320357124
176100 2.0 0.601755575014
176200 2.0 0.609185528339
176300 2.0 0.613068100967
176400 2.0 0.615052112698
176500 2.0 0.610450246113
176600 2.0 0.6045038673
176700 2.0 0.606448766975
176800 2.0 0.608273049768
176900 2.0 0.60733795137
177000 2.0 0.612282411112
177100 2.0 0.612256038342
177200 2.0 0.612489714224
177300 2.0 0.611988432255
177400 2.0 0.608643822712
177500 2.0 0.604464483918
177600 2.0 0.604990272839
177700 2.0 0.600679633661
177800 2.0 0.604997992811
177900 2.0 0.600198480019
178000 2.0 0.596219986076
178100 2.0 0.592771991929
178200 2.0 0.588403553558
178300 2.0 0.586535510333
178400 2.0 0.586038505494
178500 2.0 0.589141431525
178600 2.0 0.587944407118
178700 2.0 0.592701961162
178800 2.0 0.58315651063
178900 2.0 0.589698390979
179000 2.0 0.582874709591
179100 2.0 0.569316611868
179200 2.0 0.559293614812
179300 2.0 0.55965125884
179400 2.0 0.563813080976
179500 2.0 0.56432335983
179600 2.0 0.569814351082
179700 2.0 0.572704212879
179800 2.0 0.574126082275
179900 2.0 0.573162186726
180000 2.0 0.582004015459
180100 2.0 0.580066082505
180200 2.0 0.573093164031
180300 2.0 0.579491915409
180400 2.0 0.581823820401
180500 2.0 0.586143163277
180600 2.0 0.587302643483
180700 2.0 0.577003987477
180800 2.0 0.572162216384
180900 2.0 0.569277743339
181000 2.0 0.570355235575
181100 2.0 0.576330506299
181200 2.0 0.578049918292
181300 2.0 0.58014772055
181400 2.0 0.569793118463
181500 2.0 0.565872675112
181600 2.0 0.573327532572
181700 2.0 0.570387617434
181800 2.0 0.568473028152
181900 2.0 0.57708733005
182000 2.0 0.567201929001
182100 2.0 0.575054419014
182200 2.0 0.574192366491
182300 2.0 0.573776571475
182400 2.0 0.575365199836
182500 2.0 0.571597813667
182600 2.0 0.567138309955
182700 2.0 0.571004499459
182800 2.0 0.559913395207
182900 2.0 0.564037826277
183000 2.0 0.562431562196
183100 2.0 0.55800691653
183200 2.0 0.561499466455
183300 2.0 0.568714850991
183400 2.0 0.566343678297
183500 2.0 0.563373894646
183600 2.0 0.56888949725
183700 2.0 0.580671974191
183800 2.0 0.578263280873
183900 2.0 0.574236210234
184000 2.0 0.572955320539
184100 2.0 0.574023337143
184200 2.0 0.568708879765
184300 2.0 0.569307666953
184400 2.0 0.559438430833
184500 2.0 0.571460017795
184600 2.0 0.574354149229
184700 2.0 0.581170259519
184800 2.0 0.583778052805
184900 2.0 0.588176485673
185000 2.0 0.589911319886
185100 2.0 0.58530067632
185200 2.0 0.585218789778
185300 2.0 0.574078572565
185400 2.0 0.569530072697
185500 2.0 0.57393693027
185600 2.0 0.576019305342
185700 2.0 0.577814163108
185800 2.0 0.579399953545
185900 2.0 0.58621615491
186000 2.0 0.593427298465
186100 2.0 0.587333320157
186200 2.0 0.583942218342
186300 2.0 0.581319764105
186400 2.0 0.586282265905
186500 2.0 0.592328620234
186600 2.0 0.58779931092
186700 2.0 0.585171011187
186800 2.0 0.584673975223
186900 2.0 0.590583838555
187000 2.0 0.58557984211
187100 2.0 0.5803598376
187200 2.0 0.580263232507
187300 2.0 0.572584754846
187400 2.0 0.579566941017
187500 2.0 0.572761901962
187600 2.0 0.57057517706
187700 2.0 0.578440660544
187800 2.0 0.5844640891
187900 2.0 0.586025121662
188000 2.0 0.581873685384
188100 2.0 0.578631794498
188200 2.0 0.573499482874
188300 2.0 0.570752789773
188400 2.0 0.573019095086
188500 2.0 0.571607103844
188600 2.0 0.568533596706
188700 2.0 0.567683953549
188800 2.0 0.569085501178
188900 2.0 0.581313292301
189000 2.0 0.578818518389
189100 2.0 0.579681720919
189200 2.0 0.578247957552
189300 2.0 0.577846258337
189400 2.0 0.570228378209
189500 2.0 0.573131495811
189600 2.0 0.574069909236
189700 2.0 0.559343884578
189800 2.0 0.559189904026
189900 2.0 0.570183709337
190000 2.0 0.571529651689
190100 2.0 0.577151837153
190200 2.0 0.573168760468
190300 2.0 0.581044686269
190400 2.0 0.579623307828
190500 2.0 0.581074746511
190600 2.0 0.581048928288
190700 2.0 0.583225151538
190800 2.0 0.589513609496
190900 2.0 0.582239160066
191000 2.0 0.578415654844
191100 2.0 0.578035380739
191200 2.0 0.582554308542
191300 2.0 0.587165673889
191400 2.0 0.591108485556
191500 2.0 0.586498584468
191600 2.0 0.583343409752
191700 2.0 0.589333831443
191800 2.0 0.590233454439
191900 2.0 0.593564247229
192000 2.0 0.593888947519
192100 2.0 0.60002084354
192200 2.0 0.599030592741
192300 2.0 0.596512746415
192400 2.0 0.598585319357
192500 2.0 0.59543246173
192600 2.0 0.599081842503
192700 2.0 0.606978873792
192800 2.0 0.619812982529
192900 2.0 0.615525999255
193000 2.0 0.601463208192
193100 2.0 0.602933754631
193200 2.0 0.597619601092
193300 2.0 0.610994564731
193400 2.0 0.611064222489
193500 2.0 0.610421578779
193600 2.0 0.608741914123
193700 2.0 0.60231749035
193800 2.0 0.598824553415
193900 2.0 0.600645627193
194000 2.0 0.601126775305
194100 2.0 0.598083959888
194200 2.0 0.600739055878
194300 2.0 0.605056789385
194400 2.0 0.608012959367
194500 2.0 0.602371404797
194600 2.0 0.610193887317
194700 2.0 0.612914746887
194800 2.0 0.604053684603
194900 2.0 0.599829941485
195000 2.0 0.594599566821
195100 2.0 0.594280844583
195200 2.0 0.596921784987
195300 2.0 0.603455149867
195400 2.0 0.605730432638
195500 2.0 0.609226624371
195600 2.0 0.614751551028
195700 2.0 0.612953424039
195800 2.0 0.6104555283
195900 2.0 0.608145324718
196000 2.0 0.619614312882
196100 2.0 0.606630264177
196200 2.0 0.613795489239
196300 2.0 0.626380191224
196400 2.0 0.624667409793
196500 2.0 0.62649873471
196600 2.0 0.626502398797
196700 2.0 0.628488998068
196800 2.0 0.628354803844
196900 2.0 0.627086695221
197000 2.0 0.62956397396
197100 2.0 0.628508102526
197200 2.0 0.624930102742
197300 2.0 0.626368063618
197400 2.0 0.625699321024
197500 2.0 0.6350750884
197600 2.0 0.640945929017
197700 2.0 0.638428131491
197800 2.0 0.625212071832
197900 2.0 0.635245369939
198000 2.0 0.634309327994
198100 2.0 0.638820072743
198200 2.0 0.636491582567
198300 2.0 0.635581662636
198400 2.0 0.636085562351
198500 2.0 0.627065709005
198600 2.0 0.631449195563
198700 2.0 0.634372459916
198800 2.0 0.628934013632
198900 2.0 0.625034134094
199000 2.0 0.629028597938
199100 2.0 0.625016258387
199200 2.0 0.628761416328
199300 2.0 0.6236580798
199400 2.0 0.61717793314
199500 2.0 0.604375672583
199600 2.0 0.610169421473
199700 2.0 0.61683157348
199800 2.0 0.618264406415
199900 2.0 0.616722171092
200000 2.0 0.618696012006
