100 10.0 0.10462589139
200 10.0 0.108886985853
300 10.0 0.113049118614
400 10.0 0.117625350683
500 10.0 0.121033527897
600 10.0 0.124958048022
700 10.0 0.129606697938
800 10.0 0.13339466637
900 10.0 0.137206792549
1000 10.0 0.143301336482
1100 10.0 0.147090057733
1200 10.0 0.153829148001
1300 10.0 0.158907190448
1400 10.0 0.165706979919
1500 10.0 0.168354402133
1600 10.0 0.173619792101
1700 10.0 0.178672922875
1800 10.0 0.185685883962
1900 10.0 0.192344714066
2000 10.0 0.196620489121
2100 10.0 0.202291872038
2200 10.0 0.208857164012
2300 10.0 0.214782269997
2400 10.0 0.224148735885
2500 10.0 0.233864096767
2600 10.0 0.238387742345
2700 10.0 0.24342603892
2800 10.0 0.250573677001
2900 10.0 0.25982832076
3000 10.0 0.267709492747
3100 10.0 0.277872824462
3200 10.0 0.287878208735
3300 10.0 0.296537032443
3400 10.0 0.306747987971
3500 10.0 0.31101684349
3600 10.0 0.320236674475
3700 10.0 0.328210973157
3800 10.0 0.339688968752
3900 10.0 0.351158186372
4000 10.0 0.360910090097
4100 10.0 0.367627510484
4200 10.0 0.382597404399
4300 10.0 0.388740167212
4400 10.0 0.399605130175
4500 10.0 0.409002475104
4600 10.0 0.415984518312
4700 10.0 0.425736178555
4800 10.0 0.441521558083
4900 10.0 0.453823073468
5000 10.0 0.463620053355
5100 10.0 0.474155553856
5200 10.0 0.477084563946
5300 10.0 0.489712804977
5400 10.0 0.502349581435
5500 10.0 0.516872532476
5600 10.0 0.520219781694
5700 10.0 0.533396134603
5800 10.0 0.540663046485
5900 10.0 0.544496569714
6000 10.0 0.558832638002
6100 10.0 0.563910520149
6200 10.0 0.579758719188
6300 10.0 0.58460081893
6400 10.0 0.592115368346
6500 10.0 0.601017053535
6600 10.0 0.610331201364
6700 10.0 0.624020720961
6800 10.0 0.634878690631
6900 10.0 0.644378731303
7000 10.0 0.649723388786
7100 10.0 0.651037158696
7200 10.0 0.650263551421
7300 10.0 0.653064708781
7400 10.0 0.648951964987
7500 10.0 0.646690909621
7600 10.0 0.656190583126
7700 10.0 0.653220497607
7800 10.0 0.655946417995
7900 10.0 0.655101313131
8000 10.0 0.65444592366
8100 10.0 0.661720298694
8200 10.0 0.661050089852
8300 10.0 0.664988259261
8400 10.0 0.663784710619
8500 10.0 0.664480903425
8600 10.0 0.663228382409
8700 10.0 0.665145944299
8800 10.0 0.665279309354
8900 10.0 0.668347443234
9000 10.0 0.668673844953
9100 10.0 0.668181162237
9200 10.0 0.664605724228
9300 10.0 0.669006448337
9400 10.0 0.665268543048
9500 10.0 0.663733350542
9600 10.0 0.655050551456
9700 10.0 0.65446246829
9800 10.0 0.659098274299
9900 10.0 0.668535767044
10000 10.0 0.66365343293
10100 10.0 0.66122686152
10200 10.0 0.662663221524
10300 10.0 0.660674328625
10400 10.0 0.663178435335
10500 10.0 0.665074943766
10600 10.0 0.657583895606
10700 10.0 0.659028857641
10800 10.0 0.662180844967
10900 10.0 0.660312902755
11000 10.0 0.659052138612
11100 10.0 0.657808105633
11200 10.0 0.657949629804
11300 10.0 0.657873151657
11400 10.0 0.657662604389
11500 10.0 0.656867738668
11600 10.0 0.656492607212
11700 10.0 0.661918357438
11800 10.0 0.659866100431
11900 10.0 0.659051560125
12000 10.0 0.663963086768
12100 10.0 0.662974600222
12200 10.0 0.659647030599
12300 10.0 0.650357774786
12400 10.0 0.654508869288
12500 10.0 0.659686564163
12600 10.0 0.659396189216
12700 10.0 0.655731166001
12800 10.0 0.658990309202
12900 10.0 0.662829269159
13000 10.0 0.659763832996
13100 10.0 0.652007682459
13200 10.0 0.650397242107
13300 10.0 0.650900163573
13400 10.0 0.659159929749
13500 10.0 0.658201311338
13600 10.0 0.662000176282
13700 10.0 0.660782062639
13800 10.0 0.656996100805
13900 10.0 0.660287876202
14000 10.0 0.662867330521
14100 10.0 0.665788722991
14200 10.0 0.666447200385
14300 10.0 0.665227987293
14400 10.0 0.663766656144
14500 10.0 0.668806864199
14600 10.0 0.670868655926
14700 10.0 0.669247388312
14800 10.0 0.667556476224
14900 10.0 0.666888201655
15000 10.0 0.667889711478
15100 10.0 0.667580734168
15200 10.0 0.666517675862
15300 10.0 0.659752629026
15400 10.0 0.659666501934
15500 10.0 0.661503011609
15600 10.0 0.66346601338
15700 10.0 0.661142972195
15800 10.0 0.657152515094
15900 10.0 0.654589180798
16000 10.0 0.648054513736
16100 10.0 0.649836454769
16200 10.0 0.653895673792
16300 10.0 0.654419272622
16400 10.0 0.656488228895
16500 10.0 0.654813822654
16600 10.0 0.657062240426
16700 10.0 0.661646066495
16800 10.0 0.659038087371
16900 10.0 0.663462364236
17000 10.0 0.660115474076
17100 10.0 0.660880320136
17200 10.0 0.655149134385
17300 10.0 0.653011830263
17400 10.0 0.652539990939
17500 10.0 0.656448015089
17600 10.0 0.656388351974
17700 10.0 0.659045217117
17800 10.0 0.658335141979
17900 10.0 0.651126105054
18000 10.0 0.647453851102
18100 10.0 0.651550771223
18200 10.0 0.644362767974
18300 10.0 0.649693462611
18400 10.0 0.643669225833
18500 10.0 0.646654806209
18600 10.0 0.650291331923
18700 10.0 0.651234106562
18800 10.0 0.655621395842
18900 10.0 0.655499490072
19000 10.0 0.650729075843
19100 10.0 0.649685630602
19200 10.0 0.647661932678
19300 10.0 0.643480362816
19400 10.0 0.646918953757
19500 10.0 0.65206817631
19600 10.0 0.652193303974
19700 10.0 0.650873482838
19800 10.0 0.655430321564
19900 10.0 0.659667428913
20000 10.0 0.651880943426
20100 10.0 0.648745283136
20200 10.0 0.645984390672
20300 10.0 0.646347372456
20400 10.0 0.652680071755
20500 10.0 0.649268855363
20600 10.0 0.650713044803
20700 10.0 0.652076411679
20800 10.0 0.651894056001
20900 10.0 0.651655329167
21000 10.0 0.652247132209
21100 10.0 0.654746487388
21200 10.0 0.654279093583
21300 10.0 0.649372069626
21400 10.0 0.653218054612
21500 10.0 0.651671347816
21600 10.0 0.656528455878
21700 10.0 0.658504541848
21800 10.0 0.64777515411
21900 10.0 0.654071395031
22000 10.0 0.660236901524
22100 10.0 0.658687462826
22200 10.0 0.658880818344
22300 10.0 0.658975464647
22400 10.0 0.660889723359
22500 10.0 0.656524206901
22600 10.0 0.657351461335
22700 10.0 0.660663319019
22800 10.0 0.6612265304
22900 10.0 0.658939515322
23000 10.0 0.662584567395
23100 10.0 0.655982166864
23200 10.0 0.658372501065
23300 10.0 0.661731822772
23400 10.0 0.662485840462
23500 10.0 0.659208995096
23600 10.0 0.659623374873
23700 10.0 0.654012653918
23800 10.0 0.661898578208
23900 10.0 0.660489737197
24000 10.0 0.653252228632
24100 10.0 0.654964920309
24200 10.0 0.660351561681
24300 10.0 0.658155237553
24400 10.0 0.66294428922
24500 10.0 0.660725528712
24600 10.0 0.667178810722
24700 10.0 0.667424436331
24800 10.0 0.667981702391
24900 10.0 0.670577327838
25000 10.0 0.671706284979
25100 10.0 0.665647680677
25200 10.0 0.669215434757
25300 10.0 0.668906249087
25400 10.0 0.669465329974
25500 10.0 0.673673518295
25600 10.0 0.668214402648
25700 10.0 0.665608854174
25800 10.0 0.660488467019
25900 10.0 0.66847990677
26000 10.0 0.667778838849
26100 10.0 0.666473526121
26200 10.0 0.665438926345
26300 10.0 0.661597047206
26400 10.0 0.6613284484
26500 10.0 0.656776570969
26600 10.0 0.666072293854
26700 10.0 0.66104331905
26800 10.0 0.660320209188
26900 10.0 0.66347150852
27000 10.0 0.659854795759
27100 10.0 0.659441222099
27200 10.0 0.663739863796
27300 10.0 0.66321076428
27400 10.0 0.663250805203
27500 10.0 0.663600158884
27600 10.0 0.660765398883
27700 10.0 0.664409813721
27800 10.0 0.662600186621
27900 10.0 0.658602781166
28000 10.0 0.653079725997
28100 10.0 0.651753515402
28200 10.0 0.649621504454
28300 10.0 0.655532843413
28400 10.0 0.656373090799
28500 10.0 0.660397375022
28600 10.0 0.654175370484
28700 10.0 0.644978792228
28800 10.0 0.651756563848
28900 10.0 0.656853505963
29000 10.0 0.659258862281
29100 10.0 0.658502040539
29200 10.0 0.66064093344
29300 10.0 0.65741976922
29400 10.0 0.659153728192
29500 10.0 0.656456987521
29600 10.0 0.655898963989
29700 10.0 0.655925836285
29800 10.0 0.657801676783
29900 10.0 0.658102753004
30000 10.0 0.652182727786
30100 10.0 0.652666721913
30200 10.0 0.660882404302
30300 10.0 0.659720234638
30400 10.0 0.658705597308
30500 10.0 0.658770085463
30600 10.0 0.66396602165
30700 10.0 0.658396650992
30800 10.0 0.658223980939
30900 10.0 0.656025386833
31000 10.0 0.658309506845
31100 10.0 0.654884389518
31200 10.0 0.654546582692
31300 10.0 0.651003815836
31400 10.0 0.648808557613
31500 10.0 0.644365792334
31600 10.0 0.651917840746
31700 10.0 0.64838268081
31800 10.0 0.653046612288
31900 10.0 0.647854678247
32000 10.0 0.658251193082
32100 10.0 0.65916162291
32200 10.0 0.656312094152
32300 10.0 0.661048096454
32400 10.0 0.660090080191
32500 10.0 0.656239224365
32600 10.0 0.650884242009
32700 10.0 0.645005081152
32800 10.0 0.649085782722
32900 10.0 0.649345370257
33000 10.0 0.653050098277
33100 10.0 0.654624777626
33200 10.0 0.653070683253
33300 10.0 0.652158649717
33400 10.0 0.649385017654
33500 10.0 0.650152472752
33600 10.0 0.647856366086
33700 10.0 0.658340598556
33800 10.0 0.659535286669
33900 10.0 0.652899923576
34000 10.0 0.648789940786
34100 10.0 0.658869744094
34200 10.0 0.658449640281
34300 10.0 0.65660274736
34400 10.0 0.654380998051
34500 10.0 0.65272568204
34600 10.0 0.653344047256
34700 10.0 0.656898367629
34800 10.0 0.65756155592
34900 10.0 0.653490538961
35000 10.0 0.656747073884
35100 10.0 0.65627129624
35200 10.0 0.653736957749
35300 10.0 0.655057418213
35400 10.0 0.658480496355
35500 10.0 0.651775028494
35600 10.0 0.651366412681
35700 10.0 0.650640152022
35800 10.0 0.646352866546
35900 10.0 0.6495141351
36000 10.0 0.653988320133
36100 10.0 0.65857594503
36200 10.0 0.659773742121
36300 10.0 0.655960589457
36400 10.0 0.656318192104
36500 10.0 0.656455437386
36600 10.0 0.655020900167
36700 10.0 0.654196929937
36800 10.0 0.658683158778
36900 10.0 0.655486226194
37000 10.0 0.653360633141
37100 10.0 0.653871930349
37200 10.0 0.654442687198
37300 10.0 0.655366281118
37400 10.0 0.652228308506
37500 10.0 0.651379039736
37600 10.0 0.654990446579
37700 10.0 0.656238924311
37800 10.0 0.659014838287
37900 10.0 0.659437933704
38000 10.0 0.664824571266
38100 10.0 0.659786031843
38200 10.0 0.656036973867
38300 10.0 0.658937139978
38400 10.0 0.65340422914
38500 10.0 0.656805283923
38600 10.0 0.654189394428
38700 10.0 0.649072878613
38800 10.0 0.652985385098
38900 10.0 0.65116231904
39000 10.0 0.651292986031
39100 10.0 0.659466305423
39200 10.0 0.65996812709
39300 10.0 0.661706250586
39400 10.0 0.659573440634
39500 10.0 0.657580703571
39600 10.0 0.659567757563
39700 10.0 0.658831470233
39800 10.0 0.656524953874
39900 10.0 0.663654292478
40000 10.0 0.660642529916
40100 10.0 0.659068564902
40200 10.0 0.658873375009
40300 10.0 0.656307522382
40400 10.0 0.655136860084
40500 10.0 0.656509081375
40600 10.0 0.658613158159
40700 10.0 0.653553831633
40800 10.0 0.660022029834
40900 10.0 0.661344467494
41000 10.0 0.662461671527
41100 10.0 0.659780170996
41200 10.0 0.65648011875
41300 10.0 0.659973377361
41400 10.0 0.654577066405
41500 10.0 0.648022920129
41600 10.0 0.650168533217
41700 10.0 0.658781260652
41800 10.0 0.657969697831
41900 10.0 0.653881362764
42000 10.0 0.653493633443
42100 10.0 0.646048686685
42200 10.0 0.651065515986
42300 10.0 0.653720387878
42400 10.0 0.650987304677
42500 10.0 0.652497852219
42600 10.0 0.658933996588
42700 10.0 0.650824933223
42800 10.0 0.647774354018
42900 10.0 0.647702416795
43000 10.0 0.643094659154
43100 10.0 0.649882102079
43200 10.0 0.654273937368
43300 10.0 0.650251033561
43400 10.0 0.649953795586
43500 10.0 0.649158009577
43600 10.0 0.648806938163
43700 10.0 0.657015112615
43800 10.0 0.655931114598
43900 10.0 0.655849705986
44000 10.0 0.651884603748
44100 10.0 0.657144350473
44200 10.0 0.653910890352
44300 10.0 0.649482671598
44400 10.0 0.650937002791
44500 10.0 0.653623992697
44600 10.0 0.653842773903
44700 10.0 0.657409072588
44800 10.0 0.656554284785
44900 10.0 0.65436859923
45000 10.0 0.661750874188
45100 10.0 0.662492376036
45200 10.0 0.659374866165
45300 10.0 0.662910622922
45400 10.0 0.659984232706
45500 10.0 0.659976635577
45600 10.0 0.65877182141
45700 10.0 0.660315764093
45800 10.0 0.661919936097
45900 10.0 0.658024331228
46000 10.0 0.653978256998
46100 10.0 0.6531125252
46200 10.0 0.651918738842
46300 10.0 0.655324169633
46400 10.0 0.649155193678
46500 10.0 0.64777840825
46600 10.0 0.651085042981
46700 10.0 0.650365245178
46800 10.0 0.659665012695
46900 10.0 0.663273904073
47000 10.0 0.662317486788
47100 10.0 0.660796410763
47200 10.0 0.660994973558
47300 10.0 0.654899054639
47400 10.0 0.6591113555
47500 10.0 0.652984994074
47600 10.0 0.6518805661
47700 10.0 0.658511762213
47800 10.0 0.656950693401
47900 10.0 0.647748362894
48000 10.0 0.648676770782
48100 10.0 0.653144143759
48200 10.0 0.65736895847
48300 10.0 0.652035182874
48400 10.0 0.653053291365
48500 10.0 0.648214100812
48600 10.0 0.65014413475
48700 10.0 0.653329748997
48800 10.0 0.651569761186
48900 10.0 0.647467906513
49000 10.0 0.650748646383
49100 10.0 0.650363193556
49200 10.0 0.654625717331
49300 10.0 0.658563648716
49400 10.0 0.657688384454
49500 10.0 0.65724456445
49600 10.0 0.657631680508
49700 10.0 0.657210683641
49800 10.0 0.661847084661
49900 10.0 0.661184127313
50000 10.0 0.659131853924
50100 10.0 0.658509662868
50200 10.0 0.655312311764
50300 10.0 0.651583852964
50400 10.0 0.660010587557
50500 10.0 0.666043835007
50600 10.0 0.655614188686
50700 10.0 0.649990517488
50800 10.0 0.659188644773
50900 10.0 0.657804759655
51000 10.0 0.663292058602
51100 10.0 0.657494848781
51200 10.0 0.653250054602
51300 10.0 0.660391784509
51400 10.0 0.659977564867
51500 10.0 0.657775474275
51600 10.0 0.656277447477
51700 10.0 0.658783017751
51800 10.0 0.661095522552
51900 10.0 0.660978396007
52000 10.0 0.659601559969
52100 10.0 0.656074845771
52200 10.0 0.658237621135
52300 10.0 0.65642710104
52400 10.0 0.656943696317
52500 10.0 0.659037171753
52600 10.0 0.657761599213
52700 10.0 0.657453421478
52800 10.0 0.656202930005
52900 10.0 0.65184908994
53000 10.0 0.650314227754
53100 10.0 0.650228909479
53200 10.0 0.655337519375
53300 10.0 0.654179351702
53400 10.0 0.66206575314
53500 10.0 0.665251799378
53600 10.0 0.662003072754
53700 10.0 0.662159552614
53800 10.0 0.659696947339
53900 10.0 0.661924636644
54000 10.0 0.654029234416
54100 10.0 0.650540086778
54200 10.0 0.651430592125
54300 10.0 0.655565866734
54400 10.0 0.656464101709
54500 10.0 0.654604990385
54600 10.0 0.656021380329
54700 10.0 0.654734682142
54800 10.0 0.651942240382
54900 10.0 0.65374858729
55000 10.0 0.653389871018
55100 10.0 0.655531010644
55200 10.0 0.657655405716
55300 10.0 0.659347352329
55400 10.0 0.658107393798
55500 10.0 0.656157038834
55600 10.0 0.655631003013
55700 10.0 0.6575451832
55800 10.0 0.652574580902
55900 10.0 0.653551208353
56000 10.0 0.658989805153
56100 10.0 0.659177153815
56200 10.0 0.659202817077
56300 10.0 0.659656622173
56400 10.0 0.663174487304
56500 10.0 0.662168391143
56600 10.0 0.664561154654
56700 10.0 0.67187028399
56800 10.0 0.667377946886
56900 10.0 0.663261493407
57000 10.0 0.665280083864
57100 10.0 0.666799976652
57200 10.0 0.671064337092
57300 10.0 0.667993737633
57400 10.0 0.663198000813
57500 10.0 0.66415845126
57600 10.0 0.659449162771
57700 10.0 0.654385972652
57800 10.0 0.656276067773
57900 10.0 0.658680732082
58000 10.0 0.656675942398
58100 10.0 0.658031254143
58200 10.0 0.651013159127
58300 10.0 0.654136127746
58400 10.0 0.655231567799
58500 10.0 0.653594123567
58600 10.0 0.64854824863
58700 10.0 0.645721526903
58800 10.0 0.653305548159
58900 10.0 0.656985968555
59000 10.0 0.661616322733
59100 10.0 0.663636893917
59200 10.0 0.662159226918
59300 10.0 0.660001072458
59400 10.0 0.658845756764
59500 10.0 0.664641776583
59600 10.0 0.667566506284
59700 10.0 0.662151817273
59800 10.0 0.667187391948
59900 10.0 0.667040254748
60000 10.0 0.661545505169
60100 10.0 0.663681024412
60200 10.0 0.669185676624
60300 10.0 0.672748934469
60400 10.0 0.667994028628
60500 10.0 0.672178805464
60600 10.0 0.673033496966
60700 10.0 0.668258814709
60800 10.0 0.670014730582
60900 10.0 0.664551985537
61000 10.0 0.66233720041
61100 10.0 0.662957438401
61200 10.0 0.663380856994
61300 10.0 0.660053165503
61400 10.0 0.658613812779
61500 10.0 0.658191673189
61600 10.0 0.658304769518
61700 10.0 0.656386854858
61800 10.0 0.65663666196
61900 10.0 0.651806168692
62000 10.0 0.660021892765
62100 10.0 0.66391730531
62200 10.0 0.663754333294
62300 10.0 0.65830669945
62400 10.0 0.664017787049
62500 10.0 0.663146967706
62600 10.0 0.662151102799
62700 10.0 0.66007037729
62800 10.0 0.664417962696
62900 10.0 0.657934621583
63000 10.0 0.657915718186
63100 10.0 0.652418099059
63200 10.0 0.655209205786
63300 10.0 0.660502374507
63400 10.0 0.659027520462
63500 10.0 0.662119302036
63600 10.0 0.662014893476
63700 10.0 0.657866344721
63800 10.0 0.656883138555
63900 10.0 0.655736520354
64000 10.0 0.662368763093
64100 10.0 0.665881603898
64200 10.0 0.664250539981
64300 10.0 0.664662942407
64400 10.0 0.657641091248
64500 10.0 0.657865744159
64600 10.0 0.649130672291
64700 10.0 0.649724608581
64800 10.0 0.655424296678
64900 10.0 0.652256713172
65000 10.0 0.656473859313
65100 10.0 0.660152996883
65200 10.0 0.658492465586
65300 10.0 0.655936402441
65400 10.0 0.650179163674
65500 10.0 0.654593470205
65600 10.0 0.653042589312
65700 10.0 0.655521492349
65800 10.0 0.658967229037
65900 10.0 0.659728733918
66000 10.0 0.663569883685
66100 10.0 0.659082631112
66200 10.0 0.660839738023
66300 10.0 0.656271329835
66400 10.0 0.655374389618
66500 10.0 0.653737982872
66600 10.0 0.659478642832
66700 10.0 0.651104197841
66800 10.0 0.653413072108
66900 10.0 0.652531737736
67000 10.0 0.656913333342
67100 10.0 0.658456943096
67200 10.0 0.65279358557
67300 10.0 0.655371864203
67400 10.0 0.65681124968
67500 10.0 0.650726032898
67600 10.0 0.654521945271
67700 10.0 0.654900658995
67800 10.0 0.656515764233
67900 10.0 0.652602710884
68000 10.0 0.653090786515
68100 10.0 0.650153374183
68200 10.0 0.659034714581
68300 10.0 0.660609503852
68400 10.0 0.655443723365
68500 10.0 0.657508064131
68600 10.0 0.655815462474
68700 10.0 0.656434286066
68800 10.0 0.656034371623
68900 10.0 0.645543285693
69000 10.0 0.645312419519
69100 10.0 0.649039463271
69200 10.0 0.655133060832
69300 10.0 0.655516297288
69400 10.0 0.656862233036
69500 10.0 0.656738317698
69600 10.0 0.657774126546
69700 10.0 0.658794575443
69800 10.0 0.659432516509
69900 10.0 0.658166118132
70000 10.0 0.652761334741
70100 10.0 0.655178728318
70200 10.0 0.654097689398
70300 10.0 0.655075700985
70400 10.0 0.656342174317
70500 10.0 0.658165086471
70600 10.0 0.659227853185
70700 10.0 0.658491899898
70800 10.0 0.660553823173
70900 10.0 0.663180113213
71000 10.0 0.657734924451
71100 10.0 0.654317465732
71200 10.0 0.650469410824
71300 10.0 0.651357306515
71400 10.0 0.654243574963
71500 10.0 0.649261908989
71600 10.0 0.645912052082
71700 10.0 0.649902246555
71800 10.0 0.651136205201
71900 10.0 0.649692735446
72000 10.0 0.64522963983
72100 10.0 0.642869705404
72200 10.0 0.640220163016
72300 10.0 0.644286437515
72400 10.0 0.642763504546
72500 10.0 0.646412242697
72600 10.0 0.645382417303
72700 10.0 0.652457955507
72800 10.0 0.649377474075
72900 10.0 0.643373989188
73000 10.0 0.640076713192
73100 10.0 0.641092577184
73200 10.0 0.64983767009
73300 10.0 0.648431389356
73400 10.0 0.647647835669
73500 10.0 0.65445889846
73600 10.0 0.655774287772
73700 10.0 0.653570702744
73800 10.0 0.654747859807
73900 10.0 0.656963292986
74000 10.0 0.658910359133
74100 10.0 0.658411581026
74200 10.0 0.656327281109
74300 10.0 0.654882169043
74400 10.0 0.65820952953
74500 10.0 0.659609508756
74600 10.0 0.658722255343
74700 10.0 0.653091786801
74800 10.0 0.650448469342
74900 10.0 0.654420455593
75000 10.0 0.654448041416
75100 10.0 0.65935936212
75200 10.0 0.656118538914
75300 10.0 0.65046422297
75400 10.0 0.662041865027
75500 10.0 0.655023491402
75600 10.0 0.655525368982
75700 10.0 0.650168633229
75800 10.0 0.652818880538
75900 10.0 0.651995948319
76000 10.0 0.648227927042
76100 10.0 0.648120677158
76200 10.0 0.642382939677
76300 10.0 0.643826065696
76400 10.0 0.648870269841
76500 10.0 0.650088121184
76600 10.0 0.650371952063
76700 10.0 0.656531718719
76800 10.0 0.657011620865
76900 10.0 0.65714080511
77000 10.0 0.655220536572
77100 10.0 0.656212441528
77200 10.0 0.658823159701
77300 10.0 0.661258670418
77400 10.0 0.661758083368
77500 10.0 0.658622528317
77600 10.0 0.652587381574
77700 10.0 0.649907343028
77800 10.0 0.654099681862
77900 10.0 0.652457783135
78000 10.0 0.658881230567
78100 10.0 0.662162092896
78200 10.0 0.65262033314
78300 10.0 0.650943936163
78400 10.0 0.656410036919
78500 10.0 0.655739100594
78600 10.0 0.658378428543
78700 10.0 0.663965618864
78800 10.0 0.666145321637
78900 10.0 0.662085977423
79000 10.0 0.65888094067
79100 10.0 0.660282926081
79200 10.0 0.659510804747
79300 10.0 0.658830388165
79400 10.0 0.655566585498
79500 10.0 0.656497061099
79600 10.0 0.658293708086
79700 10.0 0.657349278502
79800 10.0 0.657655985098
79900 10.0 0.659908289969
80000 10.0 0.662014034326
80100 10.0 0.658749294335
80200 10.0 0.653057464981
80300 10.0 0.65368149971
80400 10.0 0.656014220756
80500 10.0 0.655413244726
80600 10.0 0.652888337942
80700 10.0 0.652054275977
80800 10.0 0.657745581311
80900 10.0 0.657753000119
81000 10.0 0.655902824556
81100 10.0 0.656461220329
81200 10.0 0.658772176078
81300 10.0 0.657767362907
81400 10.0 0.653207658848
81500 10.0 0.655532118926
81600 10.0 0.661899523678
81700 10.0 0.659058324114
81800 10.0 0.653342938912
81900 10.0 0.645554541519
82000 10.0 0.644190459595
82100 10.0 0.64194326508
82200 10.0 0.646269268101
82300 10.0 0.638585200716
82400 10.0 0.63341911564
82500 10.0 0.646255440952
82600 10.0 0.654240163582
82700 10.0 0.646801907042
82800 10.0 0.647571563613
82900 10.0 0.649699993025
83000 10.0 0.660053304283
83100 10.0 0.662739745236
83200 10.0 0.659666909611
83300 10.0 0.660536437691
83400 10.0 0.651548952055
83500 10.0 0.64868000734
83600 10.0 0.64748665811
83700 10.0 0.650934483882
83800 10.0 0.650429040008
83900 10.0 0.6566920842
84000 10.0 0.654824193708
84100 10.0 0.647939485589
84200 10.0 0.653790973343
84300 10.0 0.64843515411
84400 10.0 0.651709638279
84500 10.0 0.658388256011
84600 10.0 0.661105410062
84700 10.0 0.659920281547
84800 10.0 0.656942603742
84900 10.0 0.654543982929
85000 10.0 0.655935418304
85100 10.0 0.654056012467
85200 10.0 0.658705676328
85300 10.0 0.658783731509
85400 10.0 0.658971529994
85500 10.0 0.657549163735
85600 10.0 0.659674106131
85700 10.0 0.658621588664
85800 10.0 0.65639099391
85900 10.0 0.651506222352
86000 10.0 0.650570060215
86100 10.0 0.655440735052
86200 10.0 0.64768347082
86300 10.0 0.654762876047
86400 10.0 0.662221687001
86500 10.0 0.668989800098
86600 10.0 0.663279891586
86700 10.0 0.658979117818
86800 10.0 0.661357657392
86900 10.0 0.658355634435
87000 10.0 0.661160961263
87100 10.0 0.659380739773
87200 10.0 0.656099145307
87300 10.0 0.651844092128
87400 10.0 0.650714992346
87500 10.0 0.659328656953
87600 10.0 0.66167084187
87700 10.0 0.659454283343
87800 10.0 0.658622406012
87900 10.0 0.661746481517
88000 10.0 0.661526819949
88100 10.0 0.659888428256
88200 10.0 0.659604640595
88300 10.0 0.66289648065
88400 10.0 0.660916570259
88500 10.0 0.661992158283
88600 10.0 0.658104518699
88700 10.0 0.655753866991
88800 10.0 0.65019894095
88900 10.0 0.650959807744
89000 10.0 0.654637794117
89100 10.0 0.651239006979
89200 10.0 0.657296218774
89300 10.0 0.656919094743
89400 10.0 0.656508644048
89500 10.0 0.655871520548
89600 10.0 0.657338654966
89700 10.0 0.654101518515
89800 10.0 0.656766341764
89900 10.0 0.652761728886
90000 10.0 0.662218827501
90100 10.0 0.665954911295
90200 10.0 0.666862027871
90300 10.0 0.670479034667
90400 10.0 0.672837462892
90500 10.0 0.670105833122
90600 10.0 0.667444058862
90700 10.0 0.663037828036
90800 10.0 0.665551704389
90900 10.0 0.666211774673
91000 10.0 0.661229440858
91100 10.0 0.656353527058
91200 10.0 0.654188218011
91300 10.0 0.654688905223
91400 10.0 0.654307652689
91500 10.0 0.651523933477
91600 10.0 0.656596142471
91700 10.0 0.652496565691
91800 10.0 0.64891235324
91900 10.0 0.652629002837
92000 10.0 0.658201436897
92100 10.0 0.65929879677
92200 10.0 0.660088417041
92300 10.0 0.652661797418
92400 10.0 0.653274035705
92500 10.0 0.654216685854
92600 10.0 0.657732068918
92700 10.0 0.661761343359
92800 10.0 0.658825707775
92900 10.0 0.656632194903
93000 10.0 0.657391320104
93100 10.0 0.660014347502
93200 10.0 0.658010804639
93300 10.0 0.663224668221
93400 10.0 0.661693177274
93500 10.0 0.658706875558
93600 10.0 0.657602690203
93700 10.0 0.648760467513
93800 10.0 0.645621950542
93900 10.0 0.644475338705
94000 10.0 0.645016216517
94100 10.0 0.652808213286
94200 10.0 0.654653004568
94300 10.0 0.655324618899
94400 10.0 0.651411415117
94500 10.0 0.655151332334
94600 10.0 0.655638941729
94700 10.0 0.660790379414
94800 10.0 0.664827570874
94900 10.0 0.668933391665
95000 10.0 0.66803752016
95100 10.0 0.658624339491
95200 10.0 0.657638999848
95300 10.0 0.662761044519
95400 10.0 0.667790846712
95500 10.0 0.66616477531
95600 10.0 0.668678135197
95700 10.0 0.667851749326
95800 10.0 0.666247967609
95900 10.0 0.655086670266
96000 10.0 0.658831074519
96100 10.0 0.657107263931
96200 10.0 0.658806078208
96300 10.0 0.65744707497
96400 10.0 0.658241175481
96500 10.0 0.656474838205
96600 10.0 0.658879605774
96700 10.0 0.650231893733
96800 10.0 0.650819986364
96900 10.0 0.654513237908
97000 10.0 0.663989261885
97100 10.0 0.665347810577
97200 10.0 0.669589261182
97300 10.0 0.666698719979
97400 10.0 0.661229031109
97500 10.0 0.661076914309
97600 10.0 0.65960319299
97700 10.0 0.655314646374
97800 10.0 0.65384263053
97900 10.0 0.651562102337
98000 10.0 0.654715862223
98100 10.0 0.654698219853
98200 10.0 0.658121232345
98300 10.0 0.660709773507
98400 10.0 0.656560723238
98500 10.0 0.654168126614
98600 10.0 0.654747243446
98700 10.0 0.654498855772
98800 10.0 0.651463381917
98900 10.0 0.650818322166
99000 10.0 0.653991182408
99100 10.0 0.658465582594
99200 10.0 0.661252223677
99300 10.0 0.65801269882
99400 10.0 0.652498869556
99500 10.0 0.648267712729
99600 10.0 0.652885853942
99700 10.0 0.655690750544
99800 10.0 0.65552239962
99900 10.0 0.652433826049
100000 10.0 0.659780198077
100100 10.0 0.660250414529
100200 10.0 0.658802708995
100300 10.0 0.662470757326
100400 10.0 0.658086797125
100500 10.0 0.659011486615
100600 10.0 0.659554505165
100700 10.0 0.669312887327
100800 10.0 0.666132231668
100900 10.0 0.663817555193
101000 10.0 0.660530977612
101100 10.0 0.659107185474
101200 10.0 0.660876563138
101300 10.0 0.664154056967
101400 10.0 0.667087567098
101500 10.0 0.662947868117
101600 10.0 0.662918130382
101700 10.0 0.661412631845
101800 10.0 0.657631570433
101900 10.0 0.652192815657
102000 10.0 0.653589977207
102100 10.0 0.656880805355
102200 10.0 0.660113990464
102300 10.0 0.659162139974
102400 10.0 0.661102644841
102500 10.0 0.657792020509
102600 10.0 0.654358751327
102700 10.0 0.655721234825
102800 10.0 0.657818362762
102900 10.0 0.659107537237
103000 10.0 0.65894167211
103100 10.0 0.661081209316
103200 10.0 0.658877251574
103300 10.0 0.652120776933
103400 10.0 0.650316603985
103500 10.0 0.648605554101
103600 10.0 0.652684127287
103700 10.0 0.653802612729
103800 10.0 0.653996559769
103900 10.0 0.651419652618
104000 10.0 0.652731044428
104100 10.0 0.65283677446
104200 10.0 0.658631198313
104300 10.0 0.663663386523
104400 10.0 0.665142284856
104500 10.0 0.664338645127
104600 10.0 0.663363792602
104700 10.0 0.660115486999
104800 10.0 0.65907609324
104900 10.0 0.657996282651
105000 10.0 0.660747254654
105100 10.0 0.658428366249
105200 10.0 0.656522148195
105300 10.0 0.654468005864
105400 10.0 0.654176470252
105500 10.0 0.655118219626
105600 10.0 0.65564283797
105700 10.0 0.653010922328
105800 10.0 0.658905988714
105900 10.0 0.659310081069
106000 10.0 0.647198916049
106100 10.0 0.649718358656
106200 10.0 0.652321173027
106300 10.0 0.659176811171
106400 10.0 0.658507533602
106500 10.0 0.659479800478
106600 10.0 0.648429445419
106700 10.0 0.653834966679
106800 10.0 0.652866231861
106900 10.0 0.652488612884
107000 10.0 0.661041242474
107100 10.0 0.659977108931
107200 10.0 0.659494401894
107300 10.0 0.664071893337
107400 10.0 0.657653438961
107500 10.0 0.649026250274
107600 10.0 0.648580836508
107700 10.0 0.64520687131
107800 10.0 0.652738992882
107900 10.0 0.657525476446
108000 10.0 0.652291087142
108100 10.0 0.650175787566
108200 10.0 0.643686201534
108300 10.0 0.645314288986
108400 10.0 0.646214942784
108500 10.0 0.650293958463
108600 10.0 0.648502175329
108700 10.0 0.647310298359
108800 10.0 0.644435665009
108900 10.0 0.648637407473
109000 10.0 0.655115291311
109100 10.0 0.654139283895
109200 10.0 0.652202339016
109300 10.0 0.653965293875
109400 10.0 0.666096062098
109500 10.0 0.671726055745
109600 10.0 0.663363115119
109700 10.0 0.666349900309
109800 10.0 0.664361741773
109900 10.0 0.658229785425
110000 10.0 0.653720509846
110100 10.0 0.656789828383
110200 10.0 0.659035566777
110300 10.0 0.658308471996
110400 10.0 0.663943270037
110500 10.0 0.662023952472
110600 10.0 0.658186087144
110700 10.0 0.657073489237
110800 10.0 0.654351504272
110900 10.0 0.66083618789
111000 10.0 0.655044662059
111100 10.0 0.654645995772
111200 10.0 0.655144777459
111300 10.0 0.652123259894
111400 10.0 0.65615583053
111500 10.0 0.663372275486
111600 10.0 0.658777543376
111700 10.0 0.657548099077
111800 10.0 0.658268209615
111900 10.0 0.655617471494
112000 10.0 0.65765505295
112100 10.0 0.66136282589
112200 10.0 0.664797961649
112300 10.0 0.659687830453
112400 10.0 0.661549956668
112500 10.0 0.661683295706
112600 10.0 0.657075321706
112700 10.0 0.660847716956
112800 10.0 0.668010582665
112900 10.0 0.662006772361
113000 10.0 0.653872919441
113100 10.0 0.660161381782
113200 10.0 0.653221279466
113300 10.0 0.651141675054
113400 10.0 0.652059996526
113500 10.0 0.654550793951
113600 10.0 0.65326776775
113700 10.0 0.659287856122
113800 10.0 0.663071618831
113900 10.0 0.667149827236
114000 10.0 0.670290040783
114100 10.0 0.662818350415
114200 10.0 0.661162142623
114300 10.0 0.662245348106
114400 10.0 0.658588461971
114500 10.0 0.66092182062
114600 10.0 0.662420761723
114700 10.0 0.664739725132
114800 10.0 0.658034583369
114900 10.0 0.665116441988
115000 10.0 0.666635841668
115100 10.0 0.665892365574
115200 10.0 0.657315444533
115300 10.0 0.659731070782
115400 10.0 0.661977597735
115500 10.0 0.665320314476
115600 10.0 0.663072976834
115700 10.0 0.657328212919
115800 10.0 0.660434678657
115900 10.0 0.662775879395
116000 10.0 0.658913271993
116100 10.0 0.653307212822
116200 10.0 0.64994721239
116300 10.0 0.648156652798
116400 10.0 0.65233054926
116500 10.0 0.661578893965
116600 10.0 0.66300313366
116700 10.0 0.6623589837
116800 10.0 0.666698967314
116900 10.0 0.66336639875
117000 10.0 0.651303314583
117100 10.0 0.650955019392
117200 10.0 0.653289452505
117300 10.0 0.647778375643
117400 10.0 0.651760010542
117500 10.0 0.653766346063
117600 10.0 0.652146010958
117700 10.0 0.653666633502
117800 10.0 0.642228391116
117900 10.0 0.647108006135
118000 10.0 0.654699998377
118100 10.0 0.659752846806
118200 10.0 0.663710248059
118300 10.0 0.665773875733
118400 10.0 0.665001567291
118500 10.0 0.662955488058
118600 10.0 0.663720100496
118700 10.0 0.66288504809
118800 10.0 0.658135982478
118900 10.0 0.663717577604
119000 10.0 0.665440404396
119100 10.0 0.66285843847
119200 10.0 0.665417178831
119300 10.0 0.666806762518
119400 10.0 0.663816787274
119500 10.0 0.661327727301
119600 10.0 0.661641988879
119700 10.0 0.65782410333
119800 10.0 0.653387169363
119900 10.0 0.655688028937
120000 10.0 0.652876216963
120100 10.0 0.657829544141
120200 10.0 0.656715528149
120300 10.0 0.657137224559
120400 10.0 0.658859728326
120500 10.0 0.663661270525
120600 10.0 0.669546908786
120700 10.0 0.664607252267
120800 10.0 0.667910606562
120900 10.0 0.665123575987
121000 10.0 0.665999422459
121100 10.0 0.660085986249
121200 10.0 0.659105278202
121300 10.0 0.661027081357
121400 10.0 0.653178758098
121500 10.0 0.651844333942
121600 10.0 0.659926773611
121700 10.0 0.659619152019
121800 10.0 0.657480378785
121900 10.0 0.657983215132
122000 10.0 0.657596300279
122100 10.0 0.659635333783
122200 10.0 0.64866348973
122300 10.0 0.657726543621
122400 10.0 0.657418173418
122500 10.0 0.659261611125
122600 10.0 0.657389864402
122700 10.0 0.658765358634
122800 10.0 0.660397016882
122900 10.0 0.660924066657
123000 10.0 0.654305267949
123100 10.0 0.66173695519
123200 10.0 0.656939577096
123300 10.0 0.657329415614
123400 10.0 0.654685463451
123500 10.0 0.657466064165
123600 10.0 0.659997732799
123700 10.0 0.654164228978
123800 10.0 0.657544092449
123900 10.0 0.658274362709
124000 10.0 0.653673751141
124100 10.0 0.655044814505
124200 10.0 0.647708301214
124300 10.0 0.649135268036
124400 10.0 0.652662170146
124500 10.0 0.653126580443
124600 10.0 0.65161894347
124700 10.0 0.650811170431
124800 10.0 0.656574867442
124900 10.0 0.648764326431
125000 10.0 0.64496715095
125100 10.0 0.646619496882
125200 10.0 0.650870743353
125300 10.0 0.657501872463
125400 10.0 0.656286127804
125500 10.0 0.660572817508
125600 10.0 0.665081536518
125700 10.0 0.664313920641
125800 10.0 0.66044443648
125900 10.0 0.662361932175
126000 10.0 0.660227374628
126100 10.0 0.663499981722
126200 10.0 0.663301096918
126300 10.0 0.665462345629
126400 10.0 0.660680994913
126500 10.0 0.662018510185
126600 10.0 0.667021982368
126700 10.0 0.66157479048
126800 10.0 0.659536779618
126900 10.0 0.654381317363
127000 10.0 0.650024488185
127100 10.0 0.651221480075
127200 10.0 0.64755090842
127300 10.0 0.654671231995
127400 10.0 0.652521190443
127500 10.0 0.653808125172
127600 10.0 0.655307107331
127700 10.0 0.655992686591
127800 10.0 0.659159131946
127900 10.0 0.654542847769
128000 10.0 0.655302949856
128100 10.0 0.651594555643
128200 10.0 0.65350527916
128300 10.0 0.657752772787
128400 10.0 0.65982559416
128500 10.0 0.656854675263
128600 10.0 0.655518863444
128700 10.0 0.656422996508
128800 10.0 0.650879920487
128900 10.0 0.661347701045
129000 10.0 0.661555435625
129100 10.0 0.654965660764
129200 10.0 0.655705212129
129300 10.0 0.659653538375
129400 10.0 0.654764643729
129500 10.0 0.655280869962
129600 10.0 0.656803977607
129700 10.0 0.658531364632
129800 10.0 0.659172672023
129900 10.0 0.657949009149
130000 10.0 0.660541238739
130100 10.0 0.661226718792
130200 10.0 0.663713278389
130300 10.0 0.664245525637
130400 10.0 0.66181762777
130500 10.0 0.661499024315
130600 10.0 0.655710568052
130700 10.0 0.647524387297
130800 10.0 0.655218900867
130900 10.0 0.644885729883
131000 10.0 0.640317168898
131100 10.0 0.64052089118
131200 10.0 0.636329067369
131300 10.0 0.641929415616
131400 10.0 0.642627088266
131500 10.0 0.649177018725
131600 10.0 0.648087540796
131700 10.0 0.652743069247
131800 10.0 0.653016931489
131900 10.0 0.656937148764
132000 10.0 0.65142332937
132100 10.0 0.648254528646
132200 10.0 0.652695112105
132300 10.0 0.654141504219
132400 10.0 0.648738738366
132500 10.0 0.659192788835
132600 10.0 0.656272821257
132700 10.0 0.653733114516
132800 10.0 0.659415142089
132900 10.0 0.657685814858
133000 10.0 0.654485951946
133100 10.0 0.657029511265
133200 10.0 0.658040773466
133300 10.0 0.657499041362
133400 10.0 0.660533428933
133500 10.0 0.662753436002
133600 10.0 0.659712011989
133700 10.0 0.659909228817
133800 10.0 0.662738102322
133900 10.0 0.667914747583
134000 10.0 0.665935018527
134100 10.0 0.666072645346
134200 10.0 0.66012264861
134300 10.0 0.654311746424
134400 10.0 0.654312599973
134500 10.0 0.659508992543
134600 10.0 0.66358379131
134700 10.0 0.667168332506
134800 10.0 0.664897164072
134900 10.0 0.664661768034
135000 10.0 0.663512698258
135100 10.0 0.664418236416
135200 10.0 0.655174265593
135300 10.0 0.64902029701
135400 10.0 0.641282061159
135500 10.0 0.645078729513
135600 10.0 0.638875743903
135700 10.0 0.648704826218
135800 10.0 0.650300976945
135900 10.0 0.65147722779
136000 10.0 0.65063161707
136100 10.0 0.656536676199
136200 10.0 0.653231043575
136300 10.0 0.653844125488
136400 10.0 0.660185160498
136500 10.0 0.660266265776
136600 10.0 0.660533632039
136700 10.0 0.661512980999
136800 10.0 0.658376726257
136900 10.0 0.661788338572
137000 10.0 0.662236808083
137100 10.0 0.652663567501
137200 10.0 0.64531782626
137300 10.0 0.644840197502
137400 10.0 0.640003242995
137500 10.0 0.642656714086
137600 10.0 0.644904728636
137700 10.0 0.644927386822
137800 10.0 0.64062328884
137900 10.0 0.642027554428
138000 10.0 0.644253553942
138100 10.0 0.641042168341
138200 10.0 0.645070489098
138300 10.0 0.65202071836
138400 10.0 0.653080955606
138500 10.0 0.660764464844
138600 10.0 0.657806537283
138700 10.0 0.658895087883
138800 10.0 0.661307081726
138900 10.0 0.652461549503
139000 10.0 0.651734301667
139100 10.0 0.652781819875
139200 10.0 0.651069232878
139300 10.0 0.65878514348
139400 10.0 0.655177730027
139500 10.0 0.656351986139
139600 10.0 0.661724893702
139700 10.0 0.663112347669
139800 10.0 0.651709948372
139900 10.0 0.64887613889
140000 10.0 0.650443450229
140100 10.0 0.651876882769
140200 10.0 0.65555366318
140300 10.0 0.658121581177
140400 10.0 0.662803095207
140500 10.0 0.657853604297
140600 10.0 0.652698345765
140700 10.0 0.65064284805
140800 10.0 0.645555877791
140900 10.0 0.642803874508
141000 10.0 0.635092152538
141100 10.0 0.639265966747
141200 10.0 0.645071880379
141300 10.0 0.646999406007
141400 10.0 0.651431764564
141500 10.0 0.658023774022
141600 10.0 0.663304123089
141700 10.0 0.660690695323
141800 10.0 0.65740058625
141900 10.0 0.663783644649
142000 10.0 0.663154307416
142100 10.0 0.661255905939
142200 10.0 0.661685489129
142300 10.0 0.654710196662
142400 10.0 0.656790126816
142500 10.0 0.65834913219
142600 10.0 0.66104837054
142700 10.0 0.653284850097
142800 10.0 0.650223658489
142900 10.0 0.649741656525
143000 10.0 0.655813574773
143100 10.0 0.65208670153
143200 10.0 0.654766099791
143300 10.0 0.660004598817
143400 10.0 0.658104008167
143500 10.0 0.654176987765
143600 10.0 0.657420855639
143700 10.0 0.653118205697
143800 10.0 0.658355901097
143900 10.0 0.661752494753
144000 10.0 0.662511888219
144100 10.0 0.652694470257
144200 10.0 0.651270095429
144300 10.0 0.647179510513
144400 10.0 0.651792730334
144500 10.0 0.659828299515
144600 10.0 0.659501378893
144700 10.0 0.666174565253
144800 10.0 0.663136229653
144900 10.0 0.662815274247
145000 10.0 0.66425451855
145100 10.0 0.667376611571
145200 10.0 0.66325060005
145300 10.0 0.663894539401
145400 10.0 0.666885161319
145500 10.0 0.661844987915
145600 10.0 0.666365546686
145700 10.0 0.668996343063
145800 10.0 0.669792119198
145900 10.0 0.671149556895
146000 10.0 0.67294514023
146100 10.0 0.672060615813
146200 10.0 0.669678152768
146300 10.0 0.669403897409
146400 10.0 0.669122994804
146500 10.0 0.668437711735
146600 10.0 0.666654115833
146700 10.0 0.665631058422
146800 10.0 0.666272952901
146900 10.0 0.666203005937
147000 10.0 0.659794744087
147100 10.0 0.659806188638
147200 10.0 0.66300818027
147300 10.0 0.660281384496
147400 10.0 0.66270569583
147500 10.0 0.661506731723
147600 10.0 0.657918433181
147700 10.0 0.657441913007
147800 10.0 0.657009747633
147900 10.0 0.66014632771
148000 10.0 0.653725431217
148100 10.0 0.657594906034
148200 10.0 0.654304123796
148300 10.0 0.658557690758
148400 10.0 0.652359670884
148500 10.0 0.652781202964
148600 10.0 0.659854455367
148700 10.0 0.657918740692
148800 10.0 0.65620374058
148900 10.0 0.650723182134
149000 10.0 0.652674606744
149100 10.0 0.651718442941
149200 10.0 0.651753243049
149300 10.0 0.653921259395
149400 10.0 0.649345135361
149500 10.0 0.65347693904
149600 10.0 0.652915544937
149700 10.0 0.653205421987
149800 10.0 0.655996290646
149900 10.0 0.656589774922
150000 10.0 0.65506470294
150100 10.0 0.64966481658
150200 10.0 0.655013442325
150300 10.0 0.656169281356
150400 10.0 0.659683593522
150500 10.0 0.663446043281
150600 10.0 0.657745816434
150700 10.0 0.658518908335
150800 10.0 0.660558493576
150900 10.0 0.66099917454
151000 10.0 0.661834993001
151100 10.0 0.66002476551
151200 10.0 0.663315982682
151300 10.0 0.662119867367
151400 10.0 0.66153875973
151500 10.0 0.660574926801
151600 10.0 0.658140532033
151700 10.0 0.654294826513
151800 10.0 0.65902111134
151900 10.0 0.662401748521
152000 10.0 0.666862036389
152100 10.0 0.665551103865
152200 10.0 0.657093638619
152300 10.0 0.661563506507
152400 10.0 0.664902968762
152500 10.0 0.660542133241
152600 10.0 0.656827324725
152700 10.0 0.659110703419
152800 10.0 0.654272334884
152900 10.0 0.647349913534
153000 10.0 0.651256403157
153100 10.0 0.653101614835
153200 10.0 0.655612045754
153300 10.0 0.648245073282
153400 10.0 0.654387928198
153500 10.0 0.652193124323
153600 10.0 0.655124023765
153700 10.0 0.651034032454
153800 10.0 0.65958367229
153900 10.0 0.654449271469
154000 10.0 0.657298399044
154100 10.0 0.654743322527
154200 10.0 0.657683162602
154300 10.0 0.658306847748
154400 10.0 0.664714017042
154500 10.0 0.659753016495
154600 10.0 0.658374053814
154700 10.0 0.658732543431
154800 10.0 0.654150874691
154900 10.0 0.654796624089
155000 10.0 0.6559648507
155100 10.0 0.655033930951
155200 10.0 0.654042531569
155300 10.0 0.658038276242
155400 10.0 0.659984874769
155500 10.0 0.662020432804
155600 10.0 0.658381633098
155700 10.0 0.65249991535
155800 10.0 0.650996733788
155900 10.0 0.647418171285
156000 10.0 0.647222324628
156100 10.0 0.651661851156
156200 10.0 0.650037759494
156300 10.0 0.655044131783
156400 10.0 0.663471006519
156500 10.0 0.666253464837
156600 10.0 0.66726879372
156700 10.0 0.663892330712
156800 10.0 0.664006591691
156900 10.0 0.662584069366
157000 10.0 0.662675216679
157100 10.0 0.659976968828
157200 10.0 0.654970983903
157300 10.0 0.653170790805
157400 10.0 0.651961025979
157500 10.0 0.650863636924
157600 10.0 0.646902427865
157700 10.0 0.651171785834
157800 10.0 0.646034553361
157900 10.0 0.649975412385
158000 10.0 0.651169357764
158100 10.0 0.656140060746
158200 10.0 0.652433182567
158300 10.0 0.653618198298
158400 10.0 0.653415542279
158500 10.0 0.650606327003
158600 10.0 0.652474019389
158700 10.0 0.651873042139
158800 10.0 0.654898654398
158900 10.0 0.653531863968
159000 10.0 0.657504515385
159100 10.0 0.668878740079
159200 10.0 0.663026569476
159300 10.0 0.668083206022
159400 10.0 0.665387623959
159500 10.0 0.666153894817
159600 10.0 0.6651629143
159700 10.0 0.660285074671
159800 10.0 0.661562448705
159900 10.0 0.658281644444
160000 10.0 0.660281103743
160100 10.0 0.651565480768
160200 10.0 0.654942736725
160300 10.0 0.658072455709
160400 10.0 0.654360842475
160500 10.0 0.65694699932
160600 10.0 0.650913354607
160700 10.0 0.644769773315
160800 10.0 0.643449562372
160900 10.0 0.649150719603
161000 10.0 0.651217866285
161100 10.0 0.658210450391
161200 10.0 0.660021851569
161300 10.0 0.656100723033
161400 10.0 0.656889556261
161500 10.0 0.65509850485
161600 10.0 0.662273073592
161700 10.0 0.660252466011
161800 10.0 0.658560149426
161900 10.0 0.657942525047
162000 10.0 0.64926219998
162100 10.0 0.650314490548
162200 10.0 0.649539989066
162300 10.0 0.656520946444
162400 10.0 0.655890053516
162500 10.0 0.654957188512
162600 10.0 0.653320422785
162700 10.0 0.659786928357
162800 10.0 0.656481536731
162900 10.0 0.663131513756
163000 10.0 0.662045032156
163100 10.0 0.658440515896
163200 10.0 0.659111904543
163300 10.0 0.653873644851
163400 10.0 0.647219633025
163500 10.0 0.647942351805
163600 10.0 0.645543675017
163700 10.0 0.649578407188
163800 10.0 0.655817314118
163900 10.0 0.650477159731
164000 10.0 0.653114460094
164100 10.0 0.655385077437
164200 10.0 0.657651125767
164300 10.0 0.654115615137
164400 10.0 0.657328694422
164500 10.0 0.654652454593
164600 10.0 0.658736067951
164700 10.0 0.659966826021
164800 10.0 0.66394080523
164900 10.0 0.665419099428
165000 10.0 0.664931595863
165100 10.0 0.659251457423
165200 10.0 0.654780623476
165300 10.0 0.655186008561
165400 10.0 0.655198017331
165500 10.0 0.652670349483
165600 10.0 0.662040132004
165700 10.0 0.661250252308
165800 10.0 0.658354226118
165900 10.0 0.659234919698
166000 10.0 0.655910287025
166100 10.0 0.655622652061
166200 10.0 0.651494116745
166300 10.0 0.644619023437
166400 10.0 0.64640463171
166500 10.0 0.652222479837
166600 10.0 0.65107879661
166700 10.0 0.657224307638
166800 10.0 0.655014590554
166900 10.0 0.657780290821
167000 10.0 0.660481494346
167100 10.0 0.664212425871
167200 10.0 0.661064527407
167300 10.0 0.661541762175
167400 10.0 0.655651020386
167500 10.0 0.662587449172
167600 10.0 0.667992564923
167700 10.0 0.669111259025
167800 10.0 0.669363875707
167900 10.0 0.668559559591
168000 10.0 0.668191727084
168100 10.0 0.669303575966
168200 10.0 0.665297291592
168300 10.0 0.658685869514
168400 10.0 0.655614635554
168500 10.0 0.652868946683
168600 10.0 0.653792762941
168700 10.0 0.654690660179
168800 10.0 0.656703031967
168900 10.0 0.655695908828
169000 10.0 0.658664023945
169100 10.0 0.659959415489
169200 10.0 0.658369702583
169300 10.0 0.663591464055
169400 10.0 0.660072589754
169500 10.0 0.660520922529
169600 10.0 0.663566043501
169700 10.0 0.662137775233
169800 10.0 0.657779736049
169900 10.0 0.65682219854
170000 10.0 0.654628818552
170100 10.0 0.654165799794
170200 10.0 0.656950898575
170300 10.0 0.656342403415
170400 10.0 0.657416649159
170500 10.0 0.657801509213
170600 10.0 0.665519490953
170700 10.0 0.663459192493
170800 10.0 0.660995311647
170900 10.0 0.664866808632
171000 10.0 0.662320276185
171100 10.0 0.660823173083
171200 10.0 0.658506165489
171300 10.0 0.665381728152
171400 10.0 0.661945332848
171500 10.0 0.657689520149
171600 10.0 0.65788696526
171700 10.0 0.653655941997
171800 10.0 0.659194807031
171900 10.0 0.662803110869
172000 10.0 0.655167208778
172100 10.0 0.660571418767
172200 10.0 0.659633659495
172300 10.0 0.651254962364
172400 10.0 0.655918637762
172500 10.0 0.654636981031
172600 10.0 0.653285116746
172700 10.0 0.654123572358
172800 10.0 0.651972127993
172900 10.0 0.654878463865
173000 10.0 0.650970816152
173100 10.0 0.656039614743
173200 10.0 0.664672893427
173300 10.0 0.665454490746
173400 10.0 0.662564565663
173500 10.0 0.663427454174
173600 10.0 0.663905591354
173700 10.0 0.659956862669
173800 10.0 0.658826470176
173900 10.0 0.663992192406
174000 10.0 0.662011316219
174100 10.0 0.653447117
174200 10.0 0.654448473781
174300 10.0 0.657339647475
174400 10.0 0.656443166682
174500 10.0 0.657986365439
174600 10.0 0.647926459188
174700 10.0 0.65671848085
174800 10.0 0.663570294683
174900 10.0 0.661577154804
175000 10.0 0.658673679335
175100 10.0 0.64762142085
175200 10.0 0.651999939409
175300 10.0 0.656593440972
175400 10.0 0.661851837702
175500 10.0 0.662038690838
175600 10.0 0.662751578018
175700 10.0 0.662962542746
175800 10.0 0.663422309998
175900 10.0 0.661179509849
176000 10.0 0.659639653669
176100 10.0 0.664911143762
176200 10.0 0.664602493349
176300 10.0 0.660502112193
176400 10.0 0.662820418663
176500 10.0 0.661892186634
176600 10.0 0.662450977283
176700 10.0 0.660137167169
176800 10.0 0.65679664539
176900 10.0 0.659072671131
177000 10.0 0.663592614718
177100 10.0 0.659495441437
177200 10.0 0.659389599441
177300 10.0 0.659311910693
177400 10.0 0.655652185841
177500 10.0 0.662489116239
177600 10.0 0.657675475926
177700 10.0 0.665537850243
177800 10.0 0.667660762572
177900 10.0 0.663391350347
178000 10.0 0.658025415872
178100 10.0 0.658099413257
178200 10.0 0.664186434199
178300 10.0 0.664123981011
178400 10.0 0.660673513567
178500 10.0 0.662112163554
178600 10.0 0.662103409391
178700 10.0 0.660570936959
178800 10.0 0.661270174288
178900 10.0 0.664250786589
179000 10.0 0.656233844166
179100 10.0 0.657551512312
179200 10.0 0.656456326827
179300 10.0 0.651330670985
179400 10.0 0.656643243874
179500 10.0 0.659485829364
179600 10.0 0.660972195275
179700 10.0 0.662788753704
179800 10.0 0.66111439851
179900 10.0 0.660031629339
180000 10.0 0.658018028249
180100 10.0 0.662097902589
180200 10.0 0.664749251131
180300 10.0 0.663622069493
180400 10.0 0.663143908261
180500 10.0 0.666096161345
180600 10.0 0.666182901868
180700 10.0 0.65977139162
180800 10.0 0.662314793354
180900 10.0 0.655513816311
181000 10.0 0.655975740871
181100 10.0 0.655079655396
181200 10.0 0.663089921742
181300 10.0 0.659857154384
181400 10.0 0.663665604334
181500 10.0 0.662068407353
181600 10.0 0.658709388593
181700 10.0 0.659417923824
181800 10.0 0.658371653956
181900 10.0 0.653676960315
182000 10.0 0.654148093602
182100 10.0 0.65318509692
182200 10.0 0.651688401789
182300 10.0 0.657620472927
182400 10.0 0.66452503802
182500 10.0 0.671855746014
182600 10.0 0.672333336729
182700 10.0 0.668554343712
182800 10.0 0.667039392519
182900 10.0 0.665272956523
183000 10.0 0.659930111484
183100 10.0 0.657302185441
183200 10.0 0.659041092526
183300 10.0 0.657164333831
183400 10.0 0.657573010709
183500 10.0 0.656473869669
183600 10.0 0.65545978551
183700 10.0 0.662804067082
183800 10.0 0.662995437506
183900 10.0 0.660026788125
184000 10.0 0.656711775895
184100 10.0 0.660653184954
184200 10.0 0.650994347678
184300 10.0 0.658899989828
184400 10.0 0.659540400701
184500 10.0 0.657070279813
184600 10.0 0.655835309166
184700 10.0 0.656315082916
184800 10.0 0.65657365271
184900 10.0 0.665102071654
185000 10.0 0.663521247693
185100 10.0 0.661674692277
185200 10.0 0.656719860296
185300 10.0 0.657165265664
185400 10.0 0.654477198137
185500 10.0 0.65725415723
185600 10.0 0.651767025208
185700 10.0 0.651647124902
185800 10.0 0.653511622924
185900 10.0 0.642456154772
186000 10.0 0.652319062869
186100 10.0 0.652636456712
186200 10.0 0.652502810832
186300 10.0 0.649416934495
186400 10.0 0.649583270684
186500 10.0 0.654486922652
186600 10.0 0.656156409352
186700 10.0 0.653285658699
186800 10.0 0.656137311455
186900 10.0 0.658631066369
187000 10.0 0.661754474757
187100 10.0 0.655547006079
187200 10.0 0.652351845729
187300 10.0 0.639778575494
187400 10.0 0.644320232698
187500 10.0 0.656498428196
187600 10.0 0.658426417323
187700 10.0 0.660095122038
187800 10.0 0.655707577079
187900 10.0 0.653615073046
188000 10.0 0.656055610267
188100 10.0 0.655230947463
188200 10.0 0.655088355705
188300 10.0 0.655132136512
188400 10.0 0.656379473265
188500 10.0 0.653305285951
188600 10.0 0.663047690183
188700 10.0 0.662928921359
188800 10.0 0.663182776162
188900 10.0 0.656687843194
189000 10.0 0.656293195897
189100 10.0 0.6623885903
189200 10.0 0.660370414901
189300 10.0 0.659617494476
189400 10.0 0.661844287005
189500 10.0 0.655150015597
189600 10.0 0.66253376344
189700 10.0 0.664234110017
189800 10.0 0.664947929848
189900 10.0 0.667954814912
190000 10.0 0.663144453486
190100 10.0 0.657264867397
190200 10.0 0.656520134047
190300 10.0 0.654093544885
190400 10.0 0.656719850394
190500 10.0 0.660675043278
190600 10.0 0.655276775107
190700 10.0 0.653641392656
190800 10.0 0.661215057267
190900 10.0 0.664149069559
191000 10.0 0.667464940857
191100 10.0 0.667443638532
191200 10.0 0.663871933405
191300 10.0 0.660920923926
191400 10.0 0.652275452113
191500 10.0 0.655085958198
191600 10.0 0.65494664493
191700 10.0 0.656410538648
191800 10.0 0.661586479772
191900 10.0 0.65970431455
192000 10.0 0.659411394597
192100 10.0 0.654663740188
192200 10.0 0.65243702741
192300 10.0 0.649735982073
192400 10.0 0.654557326103
192500 10.0 0.661015840103
192600 10.0 0.656550056731
192700 10.0 0.659483571738
192800 10.0 0.659410385004
192900 10.0 0.655818841583
193000 10.0 0.656888180505
193100 10.0 0.659890960888
193200 10.0 0.655969627372
193300 10.0 0.663947941015
193400 10.0 0.666599070556
193500 10.0 0.666853196722
193600 10.0 0.666470549724
193700 10.0 0.659116844104
193800 10.0 0.659338141212
193900 10.0 0.662648173578
194000 10.0 0.662391249559
194100 10.0 0.665519083019
194200 10.0 0.663219625945
194300 10.0 0.66293793166
194400 10.0 0.660618976933
194500 10.0 0.65596274766
194600 10.0 0.659073379295
194700 10.0 0.668473492924
194800 10.0 0.665848488768
194900 10.0 0.659980336212
195000 10.0 0.655947156886
195100 10.0 0.654180718144
195200 10.0 0.65692199823
195300 10.0 0.662873833112
195400 10.0 0.663791699945
195500 10.0 0.658701356185
195600 10.0 0.658639170199
195700 10.0 0.660911873689
195800 10.0 0.665635879022
195900 10.0 0.665725554871
196000 10.0 0.660667850131
196100 10.0 0.659555829871
196200 10.0 0.660302524681
196300 10.0 0.659432356288
196400 10.0 0.653627501145
196500 10.0 0.647843833473
196600 10.0 0.648502375551
196700 10.0 0.644764695228
196800 10.0 0.650372277339
196900 10.0 0.647326335831
197000 10.0 0.65363130222
197100 10.0 0.656911449079
197200 10.0 0.654919082828
197300 10.0 0.653483278454
197400 10.0 0.657034877207
197500 10.0 0.655296076008
197600 10.0 0.661034871906
197700 10.0 0.662814474506
197800 10.0 0.658803416489
197900 10.0 0.654339567994
198000 10.0 0.654075958951
198100 10.0 0.648598297209
198200 10.0 0.652070378921
198300 10.0 0.653495317541
198400 10.0 0.652928023045
198500 10.0 0.647230543198
198600 10.0 0.6502884207
198700 10.0 0.644217676132
198800 10.0 0.652543294372
198900 10.0 0.655215390689
199000 10.0 0.652130408816
199100 10.0 0.658856308233
199200 10.0 0.657185831283
199300 10.0 0.663832324914
199400 10.0 0.662776077941
199500 10.0 0.652856652338
199600 10.0 0.653534504289
199700 10.0 0.648444634438
199800 10.0 0.648269010694
199900 10.0 0.647474103634
200000 10.0 0.65098252144
