100 3.0 0.101183105559
200 3.0 0.10306679379
300 3.0 0.106164280702
400 3.0 0.10912146369
500 3.0 0.111988991626
600 3.0 0.113143463673
700 3.0 0.115730623953
800 3.0 0.117611007256
900 3.0 0.122509785935
1000 3.0 0.123892185531
1100 3.0 0.127128674029
1200 3.0 0.130365026965
1300 3.0 0.133764098628
1400 3.0 0.136373182913
1500 3.0 0.137964406775
1600 3.0 0.143287533049
1700 3.0 0.143973252015
1800 3.0 0.146255921065
1900 3.0 0.149785682503
2000 3.0 0.154005029159
2100 3.0 0.156579170908
2200 3.0 0.158579066473
2300 3.0 0.160316485484
2400 3.0 0.164673348246
2500 3.0 0.167237280337
2600 3.0 0.1706892948
2700 3.0 0.173749539003
2800 3.0 0.176153263319
2900 3.0 0.181159409812
3000 3.0 0.185712069063
3100 3.0 0.190611236436
3200 3.0 0.193344601886
3300 3.0 0.194968891862
3400 3.0 0.196362850362
3500 3.0 0.199497033866
3600 3.0 0.201788649275
3700 3.0 0.204662185639
3800 3.0 0.208344216608
3900 3.0 0.20938371613
4000 3.0 0.21474064852
4100 3.0 0.221456188297
4200 3.0 0.226771628624
4300 3.0 0.22785176186
4400 3.0 0.227855815161
4500 3.0 0.231280154582
4600 3.0 0.234388988425
4700 3.0 0.234507369138
4800 3.0 0.2416461843
4900 3.0 0.243376457916
5000 3.0 0.249479414124
5100 3.0 0.254688318788
5200 3.0 0.258064208284
5300 3.0 0.258935757673
5400 3.0 0.261712828076
5500 3.0 0.263972878677
5600 3.0 0.271395376064
5700 3.0 0.275706790392
5800 3.0 0.279309693232
5900 3.0 0.281745923725
6000 3.0 0.285696657779
6100 3.0 0.2907751239
6200 3.0 0.292396380204
6300 3.0 0.298106295525
6400 3.0 0.299716835445
6500 3.0 0.304601515563
6600 3.0 0.308686160264
6700 3.0 0.316774684943
6800 3.0 0.325413177807
6900 3.0 0.326956890662
7000 3.0 0.330254133915
7100 3.0 0.331984028861
7200 3.0 0.337382226611
7300 3.0 0.339862865672
7400 3.0 0.343540195904
7500 3.0 0.347149730916
7600 3.0 0.350855936346
7700 3.0 0.352033788474
7800 3.0 0.35679277801
7900 3.0 0.35636848483
8000 3.0 0.360698291618
8100 3.0 0.364632801941
8200 3.0 0.366958983179
8300 3.0 0.374946697488
8400 3.0 0.369550717985
8500 3.0 0.366901528478
8600 3.0 0.370815460814
8700 3.0 0.374636369114
8800 3.0 0.378723759939
8900 3.0 0.373608156734
9000 3.0 0.381076878843
9100 3.0 0.384424368241
9200 3.0 0.385853316163
9300 3.0 0.388222990707
9400 3.0 0.387608385687
9500 3.0 0.387009572918
9600 3.0 0.388253632756
9700 3.0 0.393195908835
9800 3.0 0.39588546632
9900 3.0 0.399877125483
10000 3.0 0.402793951605
10100 3.0 0.402593103491
10200 3.0 0.40917705273
10300 3.0 0.417832188101
10400 3.0 0.420411166041
10500 3.0 0.420229814841
10600 3.0 0.426887742819
10700 3.0 0.424822844818
10800 3.0 0.428440362034
10900 3.0 0.433241852181
11000 3.0 0.440350267403
11100 3.0 0.443008842077
11200 3.0 0.445584249188
11300 3.0 0.44995691056
11400 3.0 0.455516542469
11500 3.0 0.465547406215
11600 3.0 0.469609595222
11700 3.0 0.474600641263
11800 3.0 0.480843985062
11900 3.0 0.483827401959
12000 3.0 0.485614857073
12100 3.0 0.490629890806
12200 3.0 0.491979152198
12300 3.0 0.502533244643
12400 3.0 0.5013771549
12500 3.0 0.507727366093
12600 3.0 0.512661664176
12700 3.0 0.510609155984
12800 3.0 0.510629183325
12900 3.0 0.504982306635
13000 3.0 0.505233600786
13100 3.0 0.507780375282
13200 3.0 0.514091190331
13300 3.0 0.521634919819
13400 3.0 0.524272225775
13500 3.0 0.529455796156
13600 3.0 0.529030088464
13700 3.0 0.535509982641
13800 3.0 0.538172034499
13900 3.0 0.544321047194
14000 3.0 0.543505446276
14100 3.0 0.549187098275
14200 3.0 0.544166900607
14300 3.0 0.537558383575
14400 3.0 0.544049998103
14500 3.0 0.543252845922
14600 3.0 0.543702532073
14700 3.0 0.539321153664
14800 3.0 0.541450184231
14900 3.0 0.535638926208
15000 3.0 0.533292872207
15100 3.0 0.534637910896
15200 3.0 0.544120735934
15300 3.0 0.549923122194
15400 3.0 0.557820918126
15500 3.0 0.546726299429
15600 3.0 0.543294524616
15700 3.0 0.549854987245
15800 3.0 0.552657525664
15900 3.0 0.551251406615
16000 3.0 0.557374186489
16100 3.0 0.561637007875
16200 3.0 0.567219812419
16300 3.0 0.567294054028
16400 3.0 0.578873502864
16500 3.0 0.582855676425
16600 3.0 0.576416957193
16700 3.0 0.569759179998
16800 3.0 0.578602891369
16900 3.0 0.576224623189
17000 3.0 0.585580323258
17100 3.0 0.586745829281
17200 3.0 0.585128927844
17300 3.0 0.585104158634
17400 3.0 0.579838276874
17500 3.0 0.580173727385
17600 3.0 0.582213913404
17700 3.0 0.589016723406
17800 3.0 0.576173950008
17900 3.0 0.571661765299
18000 3.0 0.572900841646
18100 3.0 0.574944311931
18200 3.0 0.574685682905
18300 3.0 0.5773666188
18400 3.0 0.582384633743
18500 3.0 0.581709818017
18600 3.0 0.586482235581
18700 3.0 0.585251308603
18800 3.0 0.59189595936
18900 3.0 0.599565601025
19000 3.0 0.608881159021
19100 3.0 0.606976133833
19200 3.0 0.60281026732
19300 3.0 0.603688033622
19400 3.0 0.603187905143
19500 3.0 0.604956355701
19600 3.0 0.603423203381
19700 3.0 0.599615332762
19800 3.0 0.595065809052
19900 3.0 0.599223838017
20000 3.0 0.605255881413
20100 3.0 0.605879082463
20200 3.0 0.602652693381
20300 3.0 0.605849054969
20400 3.0 0.608150662906
20500 3.0 0.60201178786
20600 3.0 0.607772815236
20700 3.0 0.604986790284
20800 3.0 0.613527061048
20900 3.0 0.616484971284
21000 3.0 0.615223454729
21100 3.0 0.620001686075
21200 3.0 0.618977957847
21300 3.0 0.620372706693
21400 3.0 0.611399986632
21500 3.0 0.611462295838
21600 3.0 0.611923219828
21700 3.0 0.61405583749
21800 3.0 0.615259424859
21900 3.0 0.618989372338
22000 3.0 0.616011716086
22100 3.0 0.620878512755
22200 3.0 0.622866844607
22300 3.0 0.615096080592
22400 3.0 0.616078176477
22500 3.0 0.61264736624
22600 3.0 0.619907218047
22700 3.0 0.622995535473
22800 3.0 0.612222473931
22900 3.0 0.60932870836
23000 3.0 0.621902705084
23100 3.0 0.620476647559
23200 3.0 0.621154996738
23300 3.0 0.622776791152
23400 3.0 0.6358192371
23500 3.0 0.639068649166
23600 3.0 0.639288732995
23700 3.0 0.639476379613
23800 3.0 0.630589950874
23900 3.0 0.633391509229
24000 3.0 0.626162415755
24100 3.0 0.63181065304
24200 3.0 0.625433935787
24300 3.0 0.623763379325
24400 3.0 0.62914553
24500 3.0 0.632487818107
24600 3.0 0.631248611836
24700 3.0 0.625375078658
24800 3.0 0.627126401795
24900 3.0 0.630036313021
25000 3.0 0.633760619862
25100 3.0 0.630272565273
25200 3.0 0.626099436974
25300 3.0 0.624994849667
25400 3.0 0.623702611463
25500 3.0 0.625157465224
25600 3.0 0.628144089209
25700 3.0 0.621499812404
25800 3.0 0.631779913503
25900 3.0 0.633413789937
26000 3.0 0.637087702599
26100 3.0 0.627227894584
26200 3.0 0.622964611781
26300 3.0 0.617336478454
26400 3.0 0.616524979667
26500 3.0 0.618990944544
26600 3.0 0.620467477745
26700 3.0 0.619485724706
26800 3.0 0.628076610318
26900 3.0 0.63053306019
27000 3.0 0.633013691954
27100 3.0 0.62301967537
27200 3.0 0.624092704987
27300 3.0 0.613036159669
27400 3.0 0.61806387728
27500 3.0 0.619503183486
27600 3.0 0.62866323976
27700 3.0 0.630075709306
27800 3.0 0.623319023193
27900 3.0 0.627984816314
28000 3.0 0.620066483781
28100 3.0 0.617205505801
28200 3.0 0.621701275374
28300 3.0 0.623987831038
28400 3.0 0.614797402999
28500 3.0 0.620621477798
28600 3.0 0.622007906173
28700 3.0 0.616440438545
28800 3.0 0.618026592982
28900 3.0 0.6183577082
29000 3.0 0.623111256728
29100 3.0 0.636073844992
29200 3.0 0.640854500347
29300 3.0 0.649673946779
29400 3.0 0.642711993853
29500 3.0 0.624609433289
29600 3.0 0.621683760267
29700 3.0 0.616607280717
29800 3.0 0.626966241658
29900 3.0 0.629572009977
30000 3.0 0.630013375441
30100 3.0 0.629493612198
30200 3.0 0.630171516997
30300 3.0 0.630651992649
30400 3.0 0.621607942258
30500 3.0 0.624923967875
30600 3.0 0.61059333305
30700 3.0 0.607966710923
30800 3.0 0.601790064712
30900 3.0 0.605123822868
31000 3.0 0.610748893377
31100 3.0 0.607470647555
31200 3.0 0.608145550563
31300 3.0 0.598915333165
31400 3.0 0.601514096042
31500 3.0 0.602497367661
31600 3.0 0.597132872994
31700 3.0 0.597281832
31800 3.0 0.605576960045
31900 3.0 0.60186750285
32000 3.0 0.594726054996
32100 3.0 0.597418024435
32200 3.0 0.596855179302
32300 3.0 0.592887880737
32400 3.0 0.608993364653
32500 3.0 0.614557523831
32600 3.0 0.611169462783
32700 3.0 0.611689241465
32800 3.0 0.601825091251
32900 3.0 0.605291802731
33000 3.0 0.600740017541
33100 3.0 0.60478561839
33200 3.0 0.598256182191
33300 3.0 0.597442859258
33400 3.0 0.597717149668
33500 3.0 0.598167960052
33600 3.0 0.592320604645
33700 3.0 0.584575887631
33800 3.0 0.591104045458
33900 3.0 0.592655987341
34000 3.0 0.597928150512
34100 3.0 0.598766835668
34200 3.0 0.59756024299
34300 3.0 0.602256468501
34400 3.0 0.606866448228
34500 3.0 0.603420256847
34600 3.0 0.600972557397
34700 3.0 0.598895981521
34800 3.0 0.593032655066
34900 3.0 0.599352319258
35000 3.0 0.599017337564
35100 3.0 0.591741460223
35200 3.0 0.594372525619
35300 3.0 0.594155905153
35400 3.0 0.595062562689
35500 3.0 0.597649034126
35600 3.0 0.598100684656
35700 3.0 0.605556557051
35800 3.0 0.613990486808
35900 3.0 0.615510589818
36000 3.0 0.607330975833
36100 3.0 0.618869684221
36200 3.0 0.616445636653
36300 3.0 0.614064469755
36400 3.0 0.614685695699
36500 3.0 0.617052200049
36600 3.0 0.623668011768
36700 3.0 0.621234779367
36800 3.0 0.627454380685
36900 3.0 0.617310430549
37000 3.0 0.624535023295
37100 3.0 0.628001933713
37200 3.0 0.618909762345
37300 3.0 0.609607894773
37400 3.0 0.609961306607
37500 3.0 0.605469041574
37600 3.0 0.601377659925
37700 3.0 0.607746544018
37800 3.0 0.610785857626
37900 3.0 0.611650531531
38000 3.0 0.610399229421
38100 3.0 0.614067171026
38200 3.0 0.614757688925
38300 3.0 0.612080441857
38400 3.0 0.606827233432
38500 3.0 0.611010118031
38600 3.0 0.606341642821
38700 3.0 0.600996895137
38800 3.0 0.595383115474
38900 3.0 0.594015708978
39000 3.0 0.584750282166
39100 3.0 0.581016756167
39200 3.0 0.587143215645
39300 3.0 0.586156832094
39400 3.0 0.588302877825
39500 3.0 0.593653501762
39600 3.0 0.587711181304
39700 3.0 0.588891044157
39800 3.0 0.594462932529
39900 3.0 0.592755488502
40000 3.0 0.589349425813
40100 3.0 0.592854247296
40200 3.0 0.58934841808
40300 3.0 0.592506782775
40400 3.0 0.597082150133
40500 3.0 0.597851511557
40600 3.0 0.598101205395
40700 3.0 0.584657198664
40800 3.0 0.59071173682
40900 3.0 0.600210473894
41000 3.0 0.598625974813
41100 3.0 0.60185153466
41200 3.0 0.602405179465
41300 3.0 0.597891866192
41400 3.0 0.605791212505
41500 3.0 0.60794200746
41600 3.0 0.602638257987
41700 3.0 0.603530590764
41800 3.0 0.600397040265
41900 3.0 0.603388483023
42000 3.0 0.612419428429
42100 3.0 0.615508283845
42200 3.0 0.619197151001
42300 3.0 0.613098347073
42400 3.0 0.608773285287
42500 3.0 0.605168464904
42600 3.0 0.608824400376
42700 3.0 0.608631288308
42800 3.0 0.610030889089
42900 3.0 0.606471036373
43000 3.0 0.615331639151
43100 3.0 0.618328152078
43200 3.0 0.616093350748
43300 3.0 0.612023812594
43400 3.0 0.612409023722
43500 3.0 0.609486450511
43600 3.0 0.611412775863
43700 3.0 0.608566234189
43800 3.0 0.617572425589
43900 3.0 0.612801881114
44000 3.0 0.622065286973
44100 3.0 0.626973546673
44200 3.0 0.629801420188
44300 3.0 0.631967803583
44400 3.0 0.627134709837
44500 3.0 0.620402047808
44600 3.0 0.623226993265
44700 3.0 0.63103019927
44800 3.0 0.642963340081
44900 3.0 0.632611738135
45000 3.0 0.627063954592
45100 3.0 0.622984639983
45200 3.0 0.620642742454
45300 3.0 0.613304728066
45400 3.0 0.614209948107
45500 3.0 0.621168071481
45600 3.0 0.621162297493
45700 3.0 0.613787107673
45800 3.0 0.612421896483
45900 3.0 0.608456720936
46000 3.0 0.605370798366
46100 3.0 0.601335125584
46200 3.0 0.607062299116
46300 3.0 0.600309164458
46400 3.0 0.601172130224
46500 3.0 0.600577351735
46600 3.0 0.610768578017
46700 3.0 0.613951527758
46800 3.0 0.61137116885
46900 3.0 0.604571498036
47000 3.0 0.609767547148
47100 3.0 0.60893359407
47200 3.0 0.607562716567
47300 3.0 0.606574465686
47400 3.0 0.603121107287
47500 3.0 0.604237405662
47600 3.0 0.596878663415
47700 3.0 0.597392396679
47800 3.0 0.594014348285
47900 3.0 0.597846565493
48000 3.0 0.604362852034
48100 3.0 0.612295416124
48200 3.0 0.605432251016
48300 3.0 0.604286373367
48400 3.0 0.613093402023
48500 3.0 0.613553019692
48600 3.0 0.609811412721
48700 3.0 0.613435270177
48800 3.0 0.619311834298
48900 3.0 0.613475402416
49000 3.0 0.611139328906
49100 3.0 0.612414612685
49200 3.0 0.614833511738
49300 3.0 0.609717140644
49400 3.0 0.613452885613
49500 3.0 0.619004539163
49600 3.0 0.611330647441
49700 3.0 0.608090918362
49800 3.0 0.605011609584
49900 3.0 0.608022034099
50000 3.0 0.609902833023
50100 3.0 0.616562664943
50200 3.0 0.617870436626
50300 3.0 0.620755435264
50400 3.0 0.616416693316
50500 3.0 0.614767926341
50600 3.0 0.604322761629
50700 3.0 0.604734088594
50800 3.0 0.603684242718
50900 3.0 0.605678115442
51000 3.0 0.609163671253
51100 3.0 0.614766619735
51200 3.0 0.608716353768
51300 3.0 0.609778414239
51400 3.0 0.601563505556
51500 3.0 0.610237279682
51600 3.0 0.607962137825
51700 3.0 0.616922185038
51800 3.0 0.612023881517
51900 3.0 0.608438883413
52000 3.0 0.613688238783
52100 3.0 0.616284220421
52200 3.0 0.624540913811
52300 3.0 0.621226624733
52400 3.0 0.621399405093
52500 3.0 0.618687304933
52600 3.0 0.613244488781
52700 3.0 0.605775214825
52800 3.0 0.607564333131
52900 3.0 0.605573296389
53000 3.0 0.599988862961
53100 3.0 0.601593393855
53200 3.0 0.6044063674
53300 3.0 0.60475325786
53400 3.0 0.600252556157
53500 3.0 0.594479310927
53600 3.0 0.597142828503
53700 3.0 0.60326750657
53800 3.0 0.599832986022
53900 3.0 0.602675280506
54000 3.0 0.602473235595
54100 3.0 0.606091127463
54200 3.0 0.60590902865
54300 3.0 0.605126820945
54400 3.0 0.606486864057
54500 3.0 0.603366104081
54600 3.0 0.610309855281
54700 3.0 0.609455268796
54800 3.0 0.606046012473
54900 3.0 0.602486005785
55000 3.0 0.606241665223
55100 3.0 0.610500871128
55200 3.0 0.616669629434
55300 3.0 0.602947544255
55400 3.0 0.606396395356
55500 3.0 0.608581644244
55600 3.0 0.60489814413
55700 3.0 0.609442738033
55800 3.0 0.612117877725
55900 3.0 0.613964498388
56000 3.0 0.618315850389
56100 3.0 0.609974492481
56200 3.0 0.618565506792
56300 3.0 0.615010363799
56400 3.0 0.608650211486
56500 3.0 0.59762066547
56600 3.0 0.604995743199
56700 3.0 0.608441030142
56800 3.0 0.616686032146
56900 3.0 0.618270685887
57000 3.0 0.619740727423
57100 3.0 0.613243271894
57200 3.0 0.608650987106
57300 3.0 0.605581607864
57400 3.0 0.601998741102
57500 3.0 0.592451042947
57600 3.0 0.587102503423
57700 3.0 0.590030498501
57800 3.0 0.599138951814
57900 3.0 0.603794134713
58000 3.0 0.609090938234
58100 3.0 0.61052216293
58200 3.0 0.612427738728
58300 3.0 0.617421970293
58400 3.0 0.617782296471
58500 3.0 0.615343719273
58600 3.0 0.616776403119
58700 3.0 0.616313818197
58800 3.0 0.609108092392
58900 3.0 0.610863704364
59000 3.0 0.619677557029
59100 3.0 0.620419951188
59200 3.0 0.616054606247
59300 3.0 0.622011758479
59400 3.0 0.627656768969
59500 3.0 0.617870073786
59600 3.0 0.623861726484
59700 3.0 0.629861541453
59800 3.0 0.624176316491
59900 3.0 0.628005163411
60000 3.0 0.633035249911
60100 3.0 0.637214687326
60200 3.0 0.632769458411
60300 3.0 0.641938493997
60400 3.0 0.638415117601
60500 3.0 0.635180017658
60600 3.0 0.641660606403
60700 3.0 0.64371944439
60800 3.0 0.644010360858
60900 3.0 0.647024008338
61000 3.0 0.644485328416
61100 3.0 0.644361980208
61200 3.0 0.643225989077
61300 3.0 0.636239646485
61400 3.0 0.636890546394
61500 3.0 0.630062830395
61600 3.0 0.632436375236
61700 3.0 0.630061585787
61800 3.0 0.626835000759
61900 3.0 0.621331327626
62000 3.0 0.627408104482
62100 3.0 0.630576815209
62200 3.0 0.622894933647
62300 3.0 0.613307790837
62400 3.0 0.614723009708
62500 3.0 0.616490541624
62600 3.0 0.62294233198
62700 3.0 0.624659187782
62800 3.0 0.62648249876
62900 3.0 0.61831766249
63000 3.0 0.616027052333
63100 3.0 0.621552125412
63200 3.0 0.625197845599
63300 3.0 0.619129472841
63400 3.0 0.632160213559
63500 3.0 0.631803665113
63600 3.0 0.628573549015
63700 3.0 0.624215411663
63800 3.0 0.622263868749
63900 3.0 0.617333698457
64000 3.0 0.620458502472
64100 3.0 0.622088329897
64200 3.0 0.620619119915
64300 3.0 0.619364500279
64400 3.0 0.619700890443
64500 3.0 0.618205103401
64600 3.0 0.617940623264
64700 3.0 0.609214813858
64800 3.0 0.60629877019
64900 3.0 0.604497999799
65000 3.0 0.606676271881
65100 3.0 0.609362366996
65200 3.0 0.599645014105
65300 3.0 0.594013660045
65400 3.0 0.592898316393
65500 3.0 0.592943568278
65600 3.0 0.600428504645
65700 3.0 0.597928821445
65800 3.0 0.596183469899
65900 3.0 0.600153192708
66000 3.0 0.598055717388
66100 3.0 0.606670485763
66200 3.0 0.612639523587
66300 3.0 0.615971833374
66400 3.0 0.608912368998
66500 3.0 0.607133718305
66600 3.0 0.605635906826
66700 3.0 0.596480267544
66800 3.0 0.593770917554
66900 3.0 0.593954253662
67000 3.0 0.596157440961
67100 3.0 0.604943133801
67200 3.0 0.600714613495
67300 3.0 0.592720174228
67400 3.0 0.587472411371
67500 3.0 0.591449760819
67600 3.0 0.592488312232
67700 3.0 0.597271819512
67800 3.0 0.602013430192
67900 3.0 0.603369516834
68000 3.0 0.603624312056
68100 3.0 0.608272433944
68200 3.0 0.606215950212
68300 3.0 0.604391773393
68400 3.0 0.602981313754
68500 3.0 0.593782227357
68600 3.0 0.597758186748
68700 3.0 0.598696092302
68800 3.0 0.596191521701
68900 3.0 0.59464792127
69000 3.0 0.604967810797
69100 3.0 0.598574448049
69200 3.0 0.609041310658
69300 3.0 0.616302747402
69400 3.0 0.620928387622
69500 3.0 0.61768941361
69600 3.0 0.62459613902
69700 3.0 0.61649386818
69800 3.0 0.621285950064
69900 3.0 0.623460321677
70000 3.0 0.627267741757
70100 3.0 0.626059334656
70200 3.0 0.628339696162
70300 3.0 0.615975587448
70400 3.0 0.616748190651
70500 3.0 0.625276459167
70600 3.0 0.630450125556
70700 3.0 0.62222613441
70800 3.0 0.622149102193
70900 3.0 0.631006427396
71000 3.0 0.630119079841
71100 3.0 0.629980123985
71200 3.0 0.634077540481
71300 3.0 0.633839811111
71400 3.0 0.643121261233
71500 3.0 0.647760381959
71600 3.0 0.63659846484
71700 3.0 0.637435540806
71800 3.0 0.639065785189
71900 3.0 0.63557674091
72000 3.0 0.637613950539
72100 3.0 0.640437728578
72200 3.0 0.633370791286
72300 3.0 0.633950238947
72400 3.0 0.634919534352
72500 3.0 0.635627410001
72600 3.0 0.636981522674
72700 3.0 0.633641198184
72800 3.0 0.629813964062
72900 3.0 0.632709016465
73000 3.0 0.628329910305
73100 3.0 0.621108779042
73200 3.0 0.619631563777
73300 3.0 0.623967381477
73400 3.0 0.62011600349
73500 3.0 0.616501128486
73600 3.0 0.62254253778
73700 3.0 0.623531028667
73800 3.0 0.615438665496
73900 3.0 0.616568748411
74000 3.0 0.624164602069
74100 3.0 0.632557223178
74200 3.0 0.628836718532
74300 3.0 0.63751010313
74400 3.0 0.634108908217
74500 3.0 0.625505304377
74600 3.0 0.623831335428
74700 3.0 0.628585732602
74800 3.0 0.628905883936
74900 3.0 0.631859561783
75000 3.0 0.627606746205
75100 3.0 0.618231479354
75200 3.0 0.617058373764
75300 3.0 0.611673853172
75400 3.0 0.618220989054
75500 3.0 0.620642673359
75600 3.0 0.621478660904
75700 3.0 0.623294198286
75800 3.0 0.624602898073
75900 3.0 0.627764800347
76000 3.0 0.63357149603
76100 3.0 0.642462619945
76200 3.0 0.634160836232
76300 3.0 0.630676376189
76400 3.0 0.637784500778
76500 3.0 0.633710346662
76600 3.0 0.62831256644
76700 3.0 0.634996134667
76800 3.0 0.64222192148
76900 3.0 0.637353822844
77000 3.0 0.643144070742
77100 3.0 0.641873409322
77200 3.0 0.630096756983
77300 3.0 0.634318485533
77400 3.0 0.627795737188
77500 3.0 0.628235385703
77600 3.0 0.627088419621
77700 3.0 0.61742794363
77800 3.0 0.622995069403
77900 3.0 0.629460426332
78000 3.0 0.628700659912
78100 3.0 0.622633786266
78200 3.0 0.621930316703
78300 3.0 0.621687145538
78400 3.0 0.61729025411
78500 3.0 0.619585684725
78600 3.0 0.620924557235
78700 3.0 0.616820069783
78800 3.0 0.61996117725
78900 3.0 0.616815687187
79000 3.0 0.618163262513
79100 3.0 0.614350511767
79200 3.0 0.621998075227
79300 3.0 0.616646392015
79400 3.0 0.615338416804
79500 3.0 0.618550553993
79600 3.0 0.629264455436
79700 3.0 0.631590727842
79800 3.0 0.631709106961
79900 3.0 0.626299947234
80000 3.0 0.624098056217
80100 3.0 0.625254275028
80200 3.0 0.631131873745
80300 3.0 0.632317718272
80400 3.0 0.625631309792
80500 3.0 0.630844405856
80600 3.0 0.631099907494
80700 3.0 0.62536038576
80800 3.0 0.623433136276
80900 3.0 0.624576858551
81000 3.0 0.623745380984
81100 3.0 0.634647786468
81200 3.0 0.632234136091
81300 3.0 0.631794163782
81400 3.0 0.626066479713
81500 3.0 0.626937426782
81600 3.0 0.619640136808
81700 3.0 0.617946400326
81800 3.0 0.613506230881
81900 3.0 0.605640319398
82000 3.0 0.5967786873
82100 3.0 0.59381440277
82200 3.0 0.590955590212
82300 3.0 0.587449939122
82400 3.0 0.583486717673
82500 3.0 0.583225452303
82600 3.0 0.575431891479
82700 3.0 0.579047139135
82800 3.0 0.577578603061
82900 3.0 0.57647306443
83000 3.0 0.575202886194
83100 3.0 0.573864948881
83200 3.0 0.574323172796
83300 3.0 0.57862490784
83400 3.0 0.585181141415
83500 3.0 0.586050133298
83600 3.0 0.595359118112
83700 3.0 0.597476903795
83800 3.0 0.600615757172
83900 3.0 0.601481026267
84000 3.0 0.604601940151
84100 3.0 0.605981586664
84200 3.0 0.609783093575
84300 3.0 0.610618467188
84400 3.0 0.610405377019
84500 3.0 0.609133429908
84600 3.0 0.60537811074
84700 3.0 0.596460637454
84800 3.0 0.591467456055
84900 3.0 0.596110803921
85000 3.0 0.596003085012
85100 3.0 0.584886811374
85200 3.0 0.587528289105
85300 3.0 0.593639135148
85400 3.0 0.587459194911
85500 3.0 0.589297531781
85600 3.0 0.583952055915
85700 3.0 0.587482678976
85800 3.0 0.583562936898
85900 3.0 0.58612654649
86000 3.0 0.588642853243
86100 3.0 0.598727299998
86200 3.0 0.593526881313
86300 3.0 0.592549587691
86400 3.0 0.593295922401
86500 3.0 0.59417646295
86600 3.0 0.59433802843
86700 3.0 0.593690796461
86800 3.0 0.589458717245
86900 3.0 0.586081437552
87000 3.0 0.597225554401
87100 3.0 0.586837109136
87200 3.0 0.580545315069
87300 3.0 0.592385627586
87400 3.0 0.592590441041
87500 3.0 0.603911881947
87600 3.0 0.594801214324
87700 3.0 0.596959736324
87800 3.0 0.595010553656
87900 3.0 0.601776008108
88000 3.0 0.598541369549
88100 3.0 0.604010270084
88200 3.0 0.61182164511
88300 3.0 0.623521638592
88400 3.0 0.630550791004
88500 3.0 0.629867454112
88600 3.0 0.620667895659
88700 3.0 0.622824550018
88800 3.0 0.62230401256
88900 3.0 0.618035257253
89000 3.0 0.618100325262
89100 3.0 0.610442369029
89200 3.0 0.614820101909
89300 3.0 0.62206231657
89400 3.0 0.630672490541
89500 3.0 0.638791803944
89600 3.0 0.640354663604
89700 3.0 0.645999914304
89800 3.0 0.648467210794
89900 3.0 0.649859618439
90000 3.0 0.64387505766
90100 3.0 0.640793126791
90200 3.0 0.642731473364
90300 3.0 0.642568190301
90400 3.0 0.63667292367
90500 3.0 0.637628289135
90600 3.0 0.640134605076
90700 3.0 0.638732210817
90800 3.0 0.634412667198
90900 3.0 0.63758976645
91000 3.0 0.633266281427
91100 3.0 0.626751168695
91200 3.0 0.622135880371
91300 3.0 0.625216989281
91400 3.0 0.625195468921
91500 3.0 0.628545612789
91600 3.0 0.630609694552
91700 3.0 0.63175046077
91800 3.0 0.631339596533
91900 3.0 0.632238814418
92000 3.0 0.626794962089
92100 3.0 0.623553561525
92200 3.0 0.625653573021
92300 3.0 0.619778357296
92400 3.0 0.618213996251
92500 3.0 0.625195234194
92600 3.0 0.626638206916
92700 3.0 0.636820564462
92800 3.0 0.633620578871
92900 3.0 0.633582665203
93000 3.0 0.629223558257
93100 3.0 0.631324401565
93200 3.0 0.63260893911
93300 3.0 0.637154739424
93400 3.0 0.639725780137
93500 3.0 0.642802717133
93600 3.0 0.634082493897
93700 3.0 0.631395309389
93800 3.0 0.633853745855
93900 3.0 0.618772429544
94000 3.0 0.616026371888
94100 3.0 0.614742201203
94200 3.0 0.617782694309
94300 3.0 0.62013011167
94400 3.0 0.615152451747
94500 3.0 0.616555803592
94600 3.0 0.613233266055
94700 3.0 0.610005646609
94800 3.0 0.605513808558
94900 3.0 0.606186948287
95000 3.0 0.604761173979
95100 3.0 0.604507883003
95200 3.0 0.604901357045
95300 3.0 0.610281319075
95400 3.0 0.604884874987
95500 3.0 0.605915735732
95600 3.0 0.614546590425
95700 3.0 0.610864597553
95800 3.0 0.619486990784
95900 3.0 0.616946485083
96000 3.0 0.617431594858
96100 3.0 0.623714710293
96200 3.0 0.629540665314
96300 3.0 0.626927567634
96400 3.0 0.617866799952
96500 3.0 0.622361065243
96600 3.0 0.626927073233
96700 3.0 0.6294479279
96800 3.0 0.630674952977
96900 3.0 0.633495661206
97000 3.0 0.642941770069
97100 3.0 0.641483800357
97200 3.0 0.634613081046
97300 3.0 0.632098759601
97400 3.0 0.642454436871
97500 3.0 0.649223175331
97600 3.0 0.637046727695
97700 3.0 0.635838185329
97800 3.0 0.632483764482
97900 3.0 0.629884991529
98000 3.0 0.634598016928
98100 3.0 0.643283525782
98200 3.0 0.643934514025
98300 3.0 0.645486656999
98400 3.0 0.644310971528
98500 3.0 0.636415820326
98600 3.0 0.633326881315
98700 3.0 0.626648890119
98800 3.0 0.625234733773
98900 3.0 0.618304590288
99000 3.0 0.622541467749
99100 3.0 0.616419355579
99200 3.0 0.615240493868
99300 3.0 0.615835572644
99400 3.0 0.609733714176
99500 3.0 0.609909208595
99600 3.0 0.607233808265
99700 3.0 0.609148885941
99800 3.0 0.619175607173
99900 3.0 0.612815199058
100000 3.0 0.615659063263
100100 3.0 0.60909872479
100200 3.0 0.609652602271
100300 3.0 0.600212607478
100400 3.0 0.60781211357
100500 3.0 0.608131682955
100600 3.0 0.605754749893
100700 3.0 0.603927231737
100800 3.0 0.595528855478
100900 3.0 0.593375550422
101000 3.0 0.595124331317
101100 3.0 0.591564191256
101200 3.0 0.58453790817
101300 3.0 0.583703799215
101400 3.0 0.585267262844
101500 3.0 0.590507947821
101600 3.0 0.596028126749
101700 3.0 0.597905459265
101800 3.0 0.592532634796
101900 3.0 0.598370224143
102000 3.0 0.593648656776
102100 3.0 0.587482600913
102200 3.0 0.587491865826
102300 3.0 0.594309198585
102400 3.0 0.593234765167
102500 3.0 0.597077522996
102600 3.0 0.597563898969
102700 3.0 0.604722685187
102800 3.0 0.603353702499
102900 3.0 0.599904813174
103000 3.0 0.596517572301
103100 3.0 0.601685899298
103200 3.0 0.611234033318
103300 3.0 0.604357022647
103400 3.0 0.611464699296
103500 3.0 0.608864257769
103600 3.0 0.603287610028
103700 3.0 0.599690557374
103800 3.0 0.609264827852
103900 3.0 0.608364935518
104000 3.0 0.612313187138
104100 3.0 0.609206915063
104200 3.0 0.608523816641
104300 3.0 0.60369713656
104400 3.0 0.597749422607
104500 3.0 0.604405585787
104600 3.0 0.608330647906
104700 3.0 0.614719359097
104800 3.0 0.622692577756
104900 3.0 0.617011308358
105000 3.0 0.60749516261
105100 3.0 0.61032434623
105200 3.0 0.604535554727
105300 3.0 0.610882740122
105400 3.0 0.604208592045
105500 3.0 0.601308052657
105600 3.0 0.601441103922
105700 3.0 0.597642108365
105800 3.0 0.601462381528
105900 3.0 0.601817093827
106000 3.0 0.601091304247
106100 3.0 0.611685432465
106200 3.0 0.615810202144
106300 3.0 0.614472721645
106400 3.0 0.616309523035
106500 3.0 0.616953806378
106600 3.0 0.618363302597
106700 3.0 0.617638642701
106800 3.0 0.627507143307
106900 3.0 0.628477396648
107000 3.0 0.62076200831
107100 3.0 0.623719773683
107200 3.0 0.624660285476
107300 3.0 0.621274385871
107400 3.0 0.610052368116
107500 3.0 0.615784590184
107600 3.0 0.611788588285
107700 3.0 0.60929089271
107800 3.0 0.602694053574
107900 3.0 0.598975097269
108000 3.0 0.600727870291
108100 3.0 0.608042932796
108200 3.0 0.61138825914
108300 3.0 0.614503309604
108400 3.0 0.600806815416
108500 3.0 0.604794329849
108600 3.0 0.604731700328
108700 3.0 0.597796583512
108800 3.0 0.600651508907
108900 3.0 0.607020209848
109000 3.0 0.597779284962
109100 3.0 0.604270011997
109200 3.0 0.594898228842
109300 3.0 0.601944109454
109400 3.0 0.605846707535
109500 3.0 0.606398750001
109600 3.0 0.606088474123
109700 3.0 0.614955120027
109800 3.0 0.622073619295
109900 3.0 0.622507863825
110000 3.0 0.612631865618
110100 3.0 0.618027611759
110200 3.0 0.616953595591
110300 3.0 0.622291122522
110400 3.0 0.613166844466
110500 3.0 0.616625751781
110600 3.0 0.625267017435
110700 3.0 0.619381035425
110800 3.0 0.616712760795
110900 3.0 0.615852360806
111000 3.0 0.612663435613
111100 3.0 0.622547171471
111200 3.0 0.629019094832
111300 3.0 0.632339137022
111400 3.0 0.637031371848
111500 3.0 0.635590602483
111600 3.0 0.637706076026
111700 3.0 0.632249590869
111800 3.0 0.624590811508
111900 3.0 0.619621455421
112000 3.0 0.627014819601
112100 3.0 0.627245261672
112200 3.0 0.623968583501
112300 3.0 0.629070196896
112400 3.0 0.628801434853
112500 3.0 0.627333914923
112600 3.0 0.631812866537
112700 3.0 0.634737701225
112800 3.0 0.642173162881
112900 3.0 0.643287433132
113000 3.0 0.636401855268
113100 3.0 0.637285697276
113200 3.0 0.644353337335
113300 3.0 0.641547457288
113400 3.0 0.642221485511
113500 3.0 0.633987193812
113600 3.0 0.624692885914
113700 3.0 0.629245076745
113800 3.0 0.642258214006
113900 3.0 0.628678538276
114000 3.0 0.626546377558
114100 3.0 0.636526843349
114200 3.0 0.635950046365
114300 3.0 0.626324250149
114400 3.0 0.627560249962
114500 3.0 0.631292423141
114600 3.0 0.634142535341
114700 3.0 0.630958035124
114800 3.0 0.634313426499
114900 3.0 0.637725300801
115000 3.0 0.627807069569
115100 3.0 0.628149225303
115200 3.0 0.630133288382
115300 3.0 0.622703190973
115400 3.0 0.624834579156
115500 3.0 0.625437779076
115600 3.0 0.627955891328
115700 3.0 0.625651856357
115800 3.0 0.628358883182
115900 3.0 0.618392229566
116000 3.0 0.616390122815
116100 3.0 0.616724806268
116200 3.0 0.615688574877
116300 3.0 0.619875032138
116400 3.0 0.614590630233
116500 3.0 0.615396599842
116600 3.0 0.609848208639
116700 3.0 0.609312151207
116800 3.0 0.61356453598
116900 3.0 0.610888280795
117000 3.0 0.614077786275
117100 3.0 0.619106496115
117200 3.0 0.623297935421
117300 3.0 0.624669233442
117400 3.0 0.613710512741
117500 3.0 0.617949826959
117600 3.0 0.622725117293
117700 3.0 0.619682973172
117800 3.0 0.616613976265
117900 3.0 0.618392104722
118000 3.0 0.623451250154
118100 3.0 0.621692431161
118200 3.0 0.626358916893
118300 3.0 0.62968254284
118400 3.0 0.625149327657
118500 3.0 0.622881235515
118600 3.0 0.614775958939
118700 3.0 0.615277372135
118800 3.0 0.625870201514
118900 3.0 0.631440988086
119000 3.0 0.626088438089
119100 3.0 0.628958948013
119200 3.0 0.6302417634
119300 3.0 0.623101926056
119400 3.0 0.619031914319
119500 3.0 0.614226454192
119600 3.0 0.619780370556
119700 3.0 0.614824878355
119800 3.0 0.612051252309
119900 3.0 0.614043860052
120000 3.0 0.626182653298
120100 3.0 0.614697796548
120200 3.0 0.614013129468
120300 3.0 0.616125357634
120400 3.0 0.613966605893
120500 3.0 0.615829476922
120600 3.0 0.61564147606
120700 3.0 0.611635725847
120800 3.0 0.615309816196
120900 3.0 0.615413819265
121000 3.0 0.619543561751
121100 3.0 0.617101903757
121200 3.0 0.622962479189
121300 3.0 0.617219886586
121400 3.0 0.61174405131
121500 3.0 0.614743704231
121600 3.0 0.625677952401
121700 3.0 0.621967380518
121800 3.0 0.619353948867
121900 3.0 0.615211008031
122000 3.0 0.616574191921
122100 3.0 0.618973897101
122200 3.0 0.627374306838
122300 3.0 0.620312379341
122400 3.0 0.61771596061
122500 3.0 0.619370457196
122600 3.0 0.62552555513
122700 3.0 0.628702726827
122800 3.0 0.623276019351
122900 3.0 0.617344514971
123000 3.0 0.622134371308
123100 3.0 0.624091695671
123200 3.0 0.62849252571
123300 3.0 0.624394104073
123400 3.0 0.61942602429
123500 3.0 0.621120679861
123600 3.0 0.619149953411
123700 3.0 0.622963209549
123800 3.0 0.631785428864
123900 3.0 0.632671152482
124000 3.0 0.637107319187
124100 3.0 0.626225482633
124200 3.0 0.627264934828
124300 3.0 0.632386175413
124400 3.0 0.631273947685
124500 3.0 0.627113943859
124600 3.0 0.613804238596
124700 3.0 0.609685772774
124800 3.0 0.608180962328
124900 3.0 0.594353269887
125000 3.0 0.594997347204
125100 3.0 0.592130846131
125200 3.0 0.596608037507
125300 3.0 0.599305432482
125400 3.0 0.596679657709
125500 3.0 0.602350686891
125600 3.0 0.605058001829
125700 3.0 0.606255597528
125800 3.0 0.60705629422
125900 3.0 0.610470170301
126000 3.0 0.606394256573
126100 3.0 0.602492450202
126200 3.0 0.595543696594
126300 3.0 0.60297529042
126400 3.0 0.601557658783
126500 3.0 0.605232003728
126600 3.0 0.613499601227
126700 3.0 0.616743131789
126800 3.0 0.619022041604
126900 3.0 0.614312206282
127000 3.0 0.614114071604
127100 3.0 0.621104031759
127200 3.0 0.621871007614
127300 3.0 0.618332035208
127400 3.0 0.616980843932
127500 3.0 0.620627204634
127600 3.0 0.616421895728
127700 3.0 0.605853728645
127800 3.0 0.600876492661
127900 3.0 0.607010927662
128000 3.0 0.605912323664
128100 3.0 0.607171406233
128200 3.0 0.599317670396
128300 3.0 0.596460803136
128400 3.0 0.591661344558
128500 3.0 0.59370458616
128600 3.0 0.596268534371
128700 3.0 0.596497731355
128800 3.0 0.589066761587
128900 3.0 0.592265661367
129000 3.0 0.588610900918
129100 3.0 0.595609757045
129200 3.0 0.590479403989
129300 3.0 0.592074157002
129400 3.0 0.594317662554
129500 3.0 0.594202953979
129600 3.0 0.592099451605
129700 3.0 0.600314108893
129800 3.0 0.591920070385
129900 3.0 0.591948169312
130000 3.0 0.598709955332
130100 3.0 0.602742085845
130200 3.0 0.59733358645
130300 3.0 0.600840212909
130400 3.0 0.607450499698
130500 3.0 0.613366759526
130600 3.0 0.603949929979
130700 3.0 0.597211219649
130800 3.0 0.597227302056
130900 3.0 0.599746823907
131000 3.0 0.597363125031
131100 3.0 0.588696933891
131200 3.0 0.58757600647
131300 3.0 0.582625561687
131400 3.0 0.583018465168
131500 3.0 0.587277398844
131600 3.0 0.596151263352
131700 3.0 0.595777284797
131800 3.0 0.594128083286
131900 3.0 0.598797005714
132000 3.0 0.61194343538
132100 3.0 0.608472349154
132200 3.0 0.599184786633
132300 3.0 0.598329746915
132400 3.0 0.594127987022
132500 3.0 0.598735674482
132600 3.0 0.590992059154
132700 3.0 0.587623213284
132800 3.0 0.582093095646
132900 3.0 0.583950215495
133000 3.0 0.57999909293
133100 3.0 0.585108251122
133200 3.0 0.582989827954
133300 3.0 0.591362467
133400 3.0 0.591559024305
133500 3.0 0.597514763641
133600 3.0 0.595593215215
133700 3.0 0.60524272843
133800 3.0 0.604127550234
133900 3.0 0.598281213892
134000 3.0 0.601635797195
134100 3.0 0.602872882605
134200 3.0 0.610038511658
134300 3.0 0.612647212273
134400 3.0 0.610451936697
134500 3.0 0.609890216834
134600 3.0 0.621463352283
134700 3.0 0.62090861621
134800 3.0 0.62572297393
134900 3.0 0.623539840724
135000 3.0 0.617823726199
135100 3.0 0.630324871004
135200 3.0 0.624063856307
135300 3.0 0.625696182493
135400 3.0 0.632835387135
135500 3.0 0.639550279839
135600 3.0 0.645060422026
135700 3.0 0.643081585252
135800 3.0 0.648043558182
135900 3.0 0.640230386139
136000 3.0 0.639349822176
136100 3.0 0.644764424998
136200 3.0 0.640126726056
136300 3.0 0.642488143028
136400 3.0 0.644476187177
136500 3.0 0.635398004167
136600 3.0 0.629208233153
136700 3.0 0.632914570363
136800 3.0 0.629181466724
136900 3.0 0.633258346131
137000 3.0 0.63280167639
137100 3.0 0.628062353178
137200 3.0 0.6247588978
137300 3.0 0.624826715605
137400 3.0 0.625179388687
137500 3.0 0.620853994427
137600 3.0 0.624353131763
137700 3.0 0.620138639386
137800 3.0 0.617854274245
137900 3.0 0.615762158727
138000 3.0 0.610968585439
138100 3.0 0.611536611144
138200 3.0 0.615135029309
138300 3.0 0.599206847394
138400 3.0 0.601757456877
138500 3.0 0.606443418359
138600 3.0 0.606970619732
138700 3.0 0.607626444977
138800 3.0 0.604720926103
138900 3.0 0.610057459533
139000 3.0 0.615051707674
139100 3.0 0.628990392788
139200 3.0 0.628829472007
139300 3.0 0.631408884283
139400 3.0 0.634179178303
139500 3.0 0.63722144758
139600 3.0 0.644221234465
139700 3.0 0.642092457161
139800 3.0 0.63941300444
139900 3.0 0.631036527494
140000 3.0 0.637189781611
140100 3.0 0.6409858525
140200 3.0 0.639539016384
140300 3.0 0.634912053536
140400 3.0 0.624487508994
140500 3.0 0.628756744609
140600 3.0 0.624010818066
140700 3.0 0.631218081433
140800 3.0 0.627195099241
140900 3.0 0.63544464849
141000 3.0 0.634861889499
141100 3.0 0.636702672362
141200 3.0 0.637058176059
141300 3.0 0.629929323269
141400 3.0 0.631547097114
141500 3.0 0.630775874589
141600 3.0 0.63886895453
141700 3.0 0.628610783535
141800 3.0 0.631053542279
141900 3.0 0.637627333744
142000 3.0 0.636580856811
142100 3.0 0.637598207187
142200 3.0 0.629666075479
142300 3.0 0.630752361159
142400 3.0 0.631978122397
142500 3.0 0.639165814207
142600 3.0 0.638844652516
142700 3.0 0.636646483108
142800 3.0 0.632967889478
142900 3.0 0.630648458549
143000 3.0 0.627249077066
143100 3.0 0.626522402699
143200 3.0 0.629228640014
143300 3.0 0.631949635261
143400 3.0 0.627787581378
143500 3.0 0.641951736939
143600 3.0 0.634722690924
143700 3.0 0.628361263203
143800 3.0 0.633424822068
143900 3.0 0.637684335629
144000 3.0 0.631691095693
144100 3.0 0.638299787519
144200 3.0 0.632084638796
144300 3.0 0.633768435822
144400 3.0 0.631580502257
144500 3.0 0.629729124938
144600 3.0 0.620557726626
144700 3.0 0.622573916884
144800 3.0 0.612739153445
144900 3.0 0.617062240723
145000 3.0 0.623057469844
145100 3.0 0.628324660153
145200 3.0 0.632389789629
145300 3.0 0.626224886024
145400 3.0 0.626056355403
145500 3.0 0.624821216858
145600 3.0 0.626993333999
145700 3.0 0.627134992353
145800 3.0 0.630168209537
145900 3.0 0.626117290754
146000 3.0 0.626017746325
146100 3.0 0.618431635963
146200 3.0 0.623488065342
146300 3.0 0.615724099535
146400 3.0 0.618918748177
146500 3.0 0.619889390424
146600 3.0 0.617440065451
146700 3.0 0.610401542696
146800 3.0 0.600392821121
146900 3.0 0.603423591536
147000 3.0 0.599686216378
147100 3.0 0.598790041474
147200 3.0 0.595508484868
147300 3.0 0.590682654318
147400 3.0 0.595055318995
147500 3.0 0.593310298895
147600 3.0 0.598855417822
147700 3.0 0.593873536438
147800 3.0 0.588838942744
147900 3.0 0.592135022713
148000 3.0 0.597920914321
148100 3.0 0.60250805754
148200 3.0 0.595054550352
148300 3.0 0.597142294135
148400 3.0 0.596539952984
148500 3.0 0.610610773255
148600 3.0 0.617286362529
148700 3.0 0.623827045238
148800 3.0 0.626936719618
148900 3.0 0.619740820808
149000 3.0 0.616351218127
149100 3.0 0.612494099851
149200 3.0 0.609022454857
149300 3.0 0.61024656633
149400 3.0 0.609448933895
149500 3.0 0.600306746368
149600 3.0 0.60075480083
149700 3.0 0.599541519749
149800 3.0 0.603416891644
149900 3.0 0.60323166105
150000 3.0 0.600004838187
150100 3.0 0.597084223688
150200 3.0 0.592760441938
150300 3.0 0.600205839812
150400 3.0 0.601746904159
150500 3.0 0.594800869224
150600 3.0 0.5890796516
150700 3.0 0.58348373518
150800 3.0 0.583968095979
150900 3.0 0.586935681304
151000 3.0 0.594326996138
151100 3.0 0.598853476995
151200 3.0 0.594511466492
151300 3.0 0.599574407076
151400 3.0 0.593108750293
151500 3.0 0.602786170972
151600 3.0 0.596162847804
151700 3.0 0.592060055392
151800 3.0 0.589948150249
151900 3.0 0.592878034621
152000 3.0 0.603348611847
152100 3.0 0.594500197668
152200 3.0 0.594361759126
152300 3.0 0.604218235073
152400 3.0 0.598228818638
152500 3.0 0.603968121807
152600 3.0 0.608981269779
152700 3.0 0.610208704838
152800 3.0 0.615004225083
152900 3.0 0.621385313316
153000 3.0 0.612898065881
153100 3.0 0.616897253818
153200 3.0 0.622767477264
153300 3.0 0.617012538827
153400 3.0 0.621280547817
153500 3.0 0.61006792584
153600 3.0 0.606306113555
153700 3.0 0.601358093512
153800 3.0 0.588593022902
153900 3.0 0.596327178634
154000 3.0 0.606344226319
154100 3.0 0.602459168704
154200 3.0 0.595177678537
154300 3.0 0.600218777112
154400 3.0 0.596697082131
154500 3.0 0.589446648057
154600 3.0 0.583628045221
154700 3.0 0.586206747629
154800 3.0 0.589769426996
154900 3.0 0.60070429879
155000 3.0 0.605556579243
155100 3.0 0.612210370433
155200 3.0 0.624122908938
155300 3.0 0.622220598112
155400 3.0 0.619329803685
155500 3.0 0.619967068247
155600 3.0 0.619334019302
155700 3.0 0.610438970457
155800 3.0 0.608883137644
155900 3.0 0.603928130505
156000 3.0 0.6021554869
156100 3.0 0.609419351787
156200 3.0 0.607929604905
156300 3.0 0.621634846826
156400 3.0 0.616570860853
156500 3.0 0.608426659921
156600 3.0 0.607204392628
156700 3.0 0.605519691346
156800 3.0 0.60670232929
156900 3.0 0.601879359503
157000 3.0 0.595395819386
157100 3.0 0.59926553105
157200 3.0 0.589602984495
157300 3.0 0.591204307376
157400 3.0 0.58849520007
157500 3.0 0.592562135243
157600 3.0 0.59687494536
157700 3.0 0.596716385614
157800 3.0 0.5907239304
157900 3.0 0.593071462177
158000 3.0 0.597793804511
158100 3.0 0.588403119382
158200 3.0 0.591244233921
158300 3.0 0.594532677648
158400 3.0 0.585123011246
158500 3.0 0.587887752489
158600 3.0 0.581433829277
158700 3.0 0.579349226834
158800 3.0 0.576216713224
158900 3.0 0.566959273389
159000 3.0 0.569864467539
159100 3.0 0.571844144386
159200 3.0 0.584746390378
159300 3.0 0.575522366374
159400 3.0 0.577631702976
159500 3.0 0.569552252763
159600 3.0 0.578386130224
159700 3.0 0.576620192609
159800 3.0 0.577213098061
159900 3.0 0.591087533671
160000 3.0 0.601768590528
160100 3.0 0.593456829592
160200 3.0 0.592287090299
160300 3.0 0.594117818998
160400 3.0 0.605891192661
160500 3.0 0.609488919546
160600 3.0 0.605931488842
160700 3.0 0.607931867263
160800 3.0 0.611459907343
160900 3.0 0.600730714013
161000 3.0 0.603667366032
161100 3.0 0.608658658043
161200 3.0 0.604129614845
161300 3.0 0.610804086296
161400 3.0 0.606661667354
161500 3.0 0.604656833863
161600 3.0 0.607230642065
161700 3.0 0.611017954307
161800 3.0 0.602793956016
161900 3.0 0.610047345672
162000 3.0 0.608666012455
162100 3.0 0.601357181646
162200 3.0 0.601859358451
162300 3.0 0.600153797472
162400 3.0 0.596229349296
162500 3.0 0.590976216561
162600 3.0 0.590275512619
162700 3.0 0.586901885472
162800 3.0 0.585908815135
162900 3.0 0.584950097973
163000 3.0 0.579631696878
163100 3.0 0.576501407175
163200 3.0 0.582452568347
163300 3.0 0.578287587183
163400 3.0 0.582071705952
163500 3.0 0.580157014158
163600 3.0 0.577712748924
163700 3.0 0.577814263813
163800 3.0 0.571542121141
163900 3.0 0.569729991091
164000 3.0 0.57680611337
164100 3.0 0.579293289893
164200 3.0 0.584527467434
164300 3.0 0.590633395615
164400 3.0 0.591870055365
164500 3.0 0.581946562853
164600 3.0 0.581129130981
164700 3.0 0.578684162386
164800 3.0 0.576299800192
164900 3.0 0.572583037241
165000 3.0 0.576184534085
165100 3.0 0.571005579306
165200 3.0 0.569591907738
165300 3.0 0.567803464943
165400 3.0 0.577297277002
165500 3.0 0.582593718308
165600 3.0 0.583094813206
165700 3.0 0.583082911535
165800 3.0 0.592236943565
165900 3.0 0.603214941579
166000 3.0 0.596821248111
166100 3.0 0.600093715575
166200 3.0 0.60095731847
166300 3.0 0.613000740755
166400 3.0 0.609860076929
166500 3.0 0.61689679017
166600 3.0 0.623452524919
166700 3.0 0.625644633444
166800 3.0 0.631008138208
166900 3.0 0.630273319908
167000 3.0 0.628324282834
167100 3.0 0.625131409821
167200 3.0 0.626173871872
167300 3.0 0.62284714473
167400 3.0 0.624015572413
167500 3.0 0.626164836773
167600 3.0 0.625920958546
167700 3.0 0.62278529599
167800 3.0 0.621890950002
167900 3.0 0.626001244529
168000 3.0 0.631104660532
168100 3.0 0.622385013365
168200 3.0 0.615979117564
168300 3.0 0.619506124242
168400 3.0 0.621469972151
168500 3.0 0.614810145018
168600 3.0 0.612945508723
168700 3.0 0.612259432281
168800 3.0 0.617976653806
168900 3.0 0.625342609815
169000 3.0 0.627115895275
169100 3.0 0.623342493649
169200 3.0 0.629882113555
169300 3.0 0.6303049122
169400 3.0 0.624094730104
169500 3.0 0.621763900102
169600 3.0 0.627499049397
169700 3.0 0.632953267388
169800 3.0 0.641852326895
169900 3.0 0.63789105697
170000 3.0 0.639178225737
170100 3.0 0.630952021889
170200 3.0 0.626756063313
170300 3.0 0.626945170238
170400 3.0 0.631605668453
170500 3.0 0.634912276319
170600 3.0 0.638734210525
170700 3.0 0.636149885878
170800 3.0 0.62880757329
170900 3.0 0.633996244098
171000 3.0 0.627003882264
171100 3.0 0.632532376028
171200 3.0 0.623968685374
171300 3.0 0.623488072716
171400 3.0 0.622073172051
171500 3.0 0.612411643913
171600 3.0 0.610263746304
171700 3.0 0.603525745711
171800 3.0 0.611642385493
171900 3.0 0.610246591348
172000 3.0 0.610599067878
172100 3.0 0.606287347998
172200 3.0 0.607139696113
172300 3.0 0.601653318888
172400 3.0 0.60015441858
172500 3.0 0.603889568908
172600 3.0 0.610799659737
172700 3.0 0.60573201618
172800 3.0 0.601614900677
172900 3.0 0.594907449164
173000 3.0 0.592808630021
173100 3.0 0.602119089636
173200 3.0 0.605368108785
173300 3.0 0.602114495607
173400 3.0 0.60823716925
173500 3.0 0.607329475606
173600 3.0 0.605795537236
173700 3.0 0.609081532413
173800 3.0 0.609106500235
173900 3.0 0.598000759291
174000 3.0 0.602413066497
174100 3.0 0.594804523485
174200 3.0 0.59066577077
174300 3.0 0.588704948068
174400 3.0 0.590657328405
174500 3.0 0.60360812685
174600 3.0 0.606547275714
174700 3.0 0.600417296636
174800 3.0 0.609703098882
174900 3.0 0.608415823867
175000 3.0 0.601028187551
175100 3.0 0.608258111983
175200 3.0 0.608866543573
175300 3.0 0.614632556784
175400 3.0 0.615063260603
175500 3.0 0.605440044361
175600 3.0 0.609694274811
175700 3.0 0.615599919599
175800 3.0 0.609813263692
175900 3.0 0.607292337991
176000 3.0 0.610632434578
176100 3.0 0.613562794537
176200 3.0 0.605647620899
176300 3.0 0.600627054852
176400 3.0 0.603823730472
176500 3.0 0.602402852735
176600 3.0 0.609945375494
176700 3.0 0.609657748416
176800 3.0 0.612784337442
176900 3.0 0.612081574725
177000 3.0 0.617312726694
177100 3.0 0.614199763659
177200 3.0 0.619970337701
177300 3.0 0.623975253707
177400 3.0 0.626508851991
177500 3.0 0.624239948879
177600 3.0 0.62888257621
177700 3.0 0.623333546087
177800 3.0 0.629658471639
177900 3.0 0.622705121965
178000 3.0 0.622140360282
178100 3.0 0.619317723015
178200 3.0 0.610298729165
178300 3.0 0.623635559951
178400 3.0 0.624825099227
178500 3.0 0.627845829174
178600 3.0 0.62669734241
178700 3.0 0.637885554332
178800 3.0 0.635958930019
178900 3.0 0.629634792797
179000 3.0 0.62461409895
179100 3.0 0.626117574685
179200 3.0 0.625685165262
179300 3.0 0.629509793187
179400 3.0 0.627966281428
179500 3.0 0.632283707405
179600 3.0 0.623955638193
179700 3.0 0.616560903132
179800 3.0 0.616374752608
179900 3.0 0.621783559176
180000 3.0 0.617122054023
180100 3.0 0.612665913243
180200 3.0 0.61187736996
180300 3.0 0.608655913655
180400 3.0 0.597787310265
180500 3.0 0.603841693339
180600 3.0 0.60163853142
180700 3.0 0.594388681314
180800 3.0 0.593359984759
180900 3.0 0.603269245923
181000 3.0 0.604552566824
181100 3.0 0.600322336064
181200 3.0 0.595159017609
181300 3.0 0.592319930431
181400 3.0 0.595997172822
181500 3.0 0.582526778226
181600 3.0 0.586685109448
181700 3.0 0.587943418706
181800 3.0 0.585706214103
181900 3.0 0.585694336887
182000 3.0 0.584645257168
182100 3.0 0.580686916515
182200 3.0 0.586087030449
182300 3.0 0.593474444193
182400 3.0 0.589703867276
182500 3.0 0.595926921896
182600 3.0 0.596538967154
182700 3.0 0.599335236679
182800 3.0 0.602611588232
182900 3.0 0.597206493645
183000 3.0 0.590106318041
183100 3.0 0.594823788986
183200 3.0 0.595853540622
183300 3.0 0.600924744736
183400 3.0 0.601568574111
183500 3.0 0.596018711076
183600 3.0 0.594735086379
183700 3.0 0.596392017813
183800 3.0 0.602548553694
183900 3.0 0.598793663109
184000 3.0 0.59003698462
184100 3.0 0.588356360872
184200 3.0 0.592243919023
184300 3.0 0.591245661618
184400 3.0 0.587521194946
184500 3.0 0.591277999222
184600 3.0 0.598102847522
184700 3.0 0.600280676605
184800 3.0 0.59382494188
184900 3.0 0.587891713136
185000 3.0 0.601011817623
185100 3.0 0.59981587118
185200 3.0 0.588755255368
185300 3.0 0.5845260861
185400 3.0 0.586577314753
185500 3.0 0.578956582787
185600 3.0 0.58384926124
185700 3.0 0.582447497461
185800 3.0 0.57959362016
185900 3.0 0.578715968877
186000 3.0 0.586899155243
186100 3.0 0.579526302601
186200 3.0 0.574803800817
186300 3.0 0.579718331232
186400 3.0 0.580385820202
186500 3.0 0.585344707867
186600 3.0 0.58364051132
186700 3.0 0.591913980238
186800 3.0 0.601192135647
186900 3.0 0.597293310716
187000 3.0 0.604396089031
187100 3.0 0.605702740337
187200 3.0 0.600290175266
187300 3.0 0.603959526041
187400 3.0 0.607583742381
187500 3.0 0.603224840298
187600 3.0 0.603662110919
187700 3.0 0.606967543612
187800 3.0 0.611284292405
187900 3.0 0.607271201684
188000 3.0 0.598773454975
188100 3.0 0.598438303812
188200 3.0 0.600871618185
188300 3.0 0.597253111203
188400 3.0 0.595688262755
188500 3.0 0.599666612994
188600 3.0 0.603166835895
188700 3.0 0.601285185581
188800 3.0 0.604861920028
188900 3.0 0.602080797194
189000 3.0 0.600559334778
189100 3.0 0.60565615897
189200 3.0 0.596948242056
189300 3.0 0.59530348969
189400 3.0 0.599885558831
189500 3.0 0.608834957679
189600 3.0 0.603976218909
189700 3.0 0.604885710832
189800 3.0 0.599688292247
189900 3.0 0.596488843236
190000 3.0 0.601721049499
190100 3.0 0.603231487727
190200 3.0 0.598783154318
190300 3.0 0.594708283319
190400 3.0 0.592687633264
190500 3.0 0.609605631142
190600 3.0 0.608144713787
190700 3.0 0.597671553102
190800 3.0 0.594915101995
190900 3.0 0.598027471993
191000 3.0 0.596151249322
191100 3.0 0.596526571329
191200 3.0 0.592448043771
191300 3.0 0.5943761946
191400 3.0 0.597450837244
191500 3.0 0.593058530811
191600 3.0 0.597535406449
191700 3.0 0.605452544426
191800 3.0 0.616198958119
191900 3.0 0.610378966647
192000 3.0 0.613041015594
192100 3.0 0.605194038865
192200 3.0 0.605709437847
192300 3.0 0.607540491784
192400 3.0 0.602823565859
192500 3.0 0.593367435236
192600 3.0 0.590635727332
192700 3.0 0.599753667996
192800 3.0 0.601118538233
192900 3.0 0.59870927435
193000 3.0 0.593149623995
193100 3.0 0.590842458048
193200 3.0 0.58962310025
193300 3.0 0.588168172783
193400 3.0 0.58923830331
193500 3.0 0.602398681752
193600 3.0 0.60690571012
193700 3.0 0.601731631628
193800 3.0 0.603096508626
193900 3.0 0.604071100914
194000 3.0 0.604161275643
194100 3.0 0.603516717759
194200 3.0 0.607307372638
194300 3.0 0.612637445789
194400 3.0 0.604195160544
194500 3.0 0.610715194766
194600 3.0 0.610771262524
194700 3.0 0.610429978162
194800 3.0 0.605511066055
194900 3.0 0.608816283191
195000 3.0 0.608768404425
195100 3.0 0.614661593086
195200 3.0 0.613873581156
195300 3.0 0.615063717486
195400 3.0 0.617321456079
195500 3.0 0.610412871459
195600 3.0 0.604055653231
195700 3.0 0.603885226845
195800 3.0 0.60821533069
195900 3.0 0.610804355237
196000 3.0 0.605085494184
196100 3.0 0.607278567889
196200 3.0 0.605400412065
196300 3.0 0.592807154526
196400 3.0 0.595965385417
196500 3.0 0.590255123687
196600 3.0 0.593632480676
196700 3.0 0.590192044102
196800 3.0 0.598121515767
196900 3.0 0.601696094833
197000 3.0 0.606077949792
197100 3.0 0.611851030515
197200 3.0 0.619379056795
197300 3.0 0.617829143559
197400 3.0 0.61143023109
197500 3.0 0.6091708199
197600 3.0 0.611331011889
197700 3.0 0.617705708207
197800 3.0 0.607838203871
197900 3.0 0.612444263129
198000 3.0 0.609699434805
198100 3.0 0.612859476725
198200 3.0 0.610693758018
198300 3.0 0.612819353972
198400 3.0 0.617265164546
198500 3.0 0.614049593912
198600 3.0 0.621492784304
198700 3.0 0.611793547515
198800 3.0 0.61161549638
198900 3.0 0.619106377943
199000 3.0 0.620259932667
199100 3.0 0.623537429478
199200 3.0 0.622606724453
199300 3.0 0.617310852441
199400 3.0 0.615370242954
199500 3.0 0.614060699481
199600 3.0 0.607468344104
199700 3.0 0.602991410906
199800 3.0 0.617282971738
199900 3.0 0.62033172337
200000 3.0 0.614570991084
