100 1.0 0.100220532311
200 1.0 0.100774626933
300 1.0 0.101781731527
400 1.0 0.104011961474
500 1.0 0.105529505448
600 1.0 0.10631477092
700 1.0 0.110171690917
800 1.0 0.110914765445
900 1.0 0.11320170706
1000 1.0 0.1155743973
1100 1.0 0.117472432518
1200 1.0 0.119593845461
1300 1.0 0.121054000514
1400 1.0 0.121116076767
1500 1.0 0.122283622237
1600 1.0 0.123548513913
1700 1.0 0.128219272622
1800 1.0 0.128255654415
1900 1.0 0.129053333207
2000 1.0 0.130685712808
2100 1.0 0.130613430361
2200 1.0 0.133458441049
2300 1.0 0.135604604034
2400 1.0 0.135626610832
2500 1.0 0.13702964177
2600 1.0 0.141005883065
2700 1.0 0.141951120371
2800 1.0 0.142531980511
2900 1.0 0.146218628063
3000 1.0 0.146892299655
3100 1.0 0.149010929487
3200 1.0 0.148710989428
3300 1.0 0.147417678923
3400 1.0 0.148976625108
3500 1.0 0.150568042097
3600 1.0 0.153248926319
3700 1.0 0.156200251585
3800 1.0 0.154042565583
3900 1.0 0.153286755719
4000 1.0 0.153503463326
4100 1.0 0.155778106339
4200 1.0 0.157132777219
4300 1.0 0.158923209476
4400 1.0 0.16070315625
4500 1.0 0.160865385721
4600 1.0 0.161676225303
4700 1.0 0.166423990474
4800 1.0 0.17007588438
4900 1.0 0.171386587607
5000 1.0 0.170785107865
5100 1.0 0.17164074186
5200 1.0 0.17391141565
5300 1.0 0.178296359882
5400 1.0 0.177143029666
5500 1.0 0.176181514637
5600 1.0 0.178033905105
5700 1.0 0.180381857059
5800 1.0 0.180111725836
5900 1.0 0.180067995967
6000 1.0 0.18255242133
6100 1.0 0.181944290414
6200 1.0 0.185177353205
6300 1.0 0.18527356397
6400 1.0 0.18441901797
6500 1.0 0.183989734389
6600 1.0 0.185803347139
6700 1.0 0.187281904954
6800 1.0 0.192010302713
6900 1.0 0.195994868693
7000 1.0 0.195273329609
7100 1.0 0.196997865645
7200 1.0 0.199030518666
7300 1.0 0.199741695044
7400 1.0 0.202214249423
7500 1.0 0.202657160865
7600 1.0 0.208786902396
7700 1.0 0.211461280752
7800 1.0 0.21358347484
7900 1.0 0.213852013422
8000 1.0 0.216550190003
8100 1.0 0.216887741925
8200 1.0 0.215766956522
8300 1.0 0.21987531257
8400 1.0 0.222080367968
8500 1.0 0.225730804827
8600 1.0 0.229404935847
8700 1.0 0.231822874465
8800 1.0 0.232345310324
8900 1.0 0.234590327802
9000 1.0 0.238265152237
9100 1.0 0.234508463653
9200 1.0 0.238587814803
9300 1.0 0.241113031057
9400 1.0 0.242113645594
9500 1.0 0.24413071747
9600 1.0 0.246583144596
9700 1.0 0.247668900632
9800 1.0 0.253025124094
9900 1.0 0.258007896275
10000 1.0 0.262668520424
10100 1.0 0.263601933545
10200 1.0 0.264517116254
10300 1.0 0.26819408669
10400 1.0 0.266901625682
10500 1.0 0.264524066577
10600 1.0 0.262294576292
10700 1.0 0.266273970123
10800 1.0 0.266319995692
10900 1.0 0.267187734606
11000 1.0 0.273654258617
11100 1.0 0.275137061651
11200 1.0 0.276199608469
11300 1.0 0.273971157547
11400 1.0 0.269145718485
11500 1.0 0.272330181792
11600 1.0 0.275095652246
11700 1.0 0.270719736152
11800 1.0 0.273723107913
11900 1.0 0.272229799152
12000 1.0 0.269458285232
12100 1.0 0.267879970874
12200 1.0 0.268737577933
12300 1.0 0.272048520322
12400 1.0 0.269307412155
12500 1.0 0.270830661173
12600 1.0 0.272648366862
12700 1.0 0.275180274859
12800 1.0 0.281353985244
12900 1.0 0.283713546754
13000 1.0 0.289298244724
13100 1.0 0.289641140039
13200 1.0 0.290829108454
13300 1.0 0.291655838048
13400 1.0 0.293057045296
13500 1.0 0.286085215934
13600 1.0 0.280612026128
13700 1.0 0.279758851313
13800 1.0 0.277210253897
13900 1.0 0.281917199165
14000 1.0 0.281501874437
14100 1.0 0.282183121123
14200 1.0 0.281031064056
14300 1.0 0.282546437458
14400 1.0 0.279343571397
14500 1.0 0.279548187475
14600 1.0 0.284685080496
14700 1.0 0.285961481145
14800 1.0 0.288545559494
14900 1.0 0.292461931708
15000 1.0 0.292693827615
15100 1.0 0.288709533734
15200 1.0 0.291798902768
15300 1.0 0.291106507573
15400 1.0 0.287806263244
15500 1.0 0.292206966913
15600 1.0 0.292193799053
15700 1.0 0.292518760373
15800 1.0 0.293270665419
15900 1.0 0.298449301435
16000 1.0 0.298493992545
16100 1.0 0.301898517624
16200 1.0 0.304238151781
16300 1.0 0.309047088038
16400 1.0 0.313393358711
16500 1.0 0.311439621687
16600 1.0 0.310743056421
16700 1.0 0.307210363544
16800 1.0 0.311632693413
16900 1.0 0.314985789047
17000 1.0 0.31600762778
17100 1.0 0.322570090886
17200 1.0 0.32348339853
17300 1.0 0.331320687046
17400 1.0 0.327842308084
17500 1.0 0.33284754534
17600 1.0 0.333066341739
17700 1.0 0.334987450014
17800 1.0 0.339815351919
17900 1.0 0.341544698119
18000 1.0 0.34267314239
18100 1.0 0.348151611618
18200 1.0 0.350497949242
18300 1.0 0.347634835362
18400 1.0 0.348892023541
18500 1.0 0.353620929118
18600 1.0 0.355973745591
18700 1.0 0.356553475448
18800 1.0 0.360223004638
18900 1.0 0.359279538817
19000 1.0 0.365964878119
19100 1.0 0.367950215332
19200 1.0 0.363392279655
19300 1.0 0.367051330771
19400 1.0 0.373970828157
19500 1.0 0.371859302893
19600 1.0 0.370279587515
19700 1.0 0.370820780058
19800 1.0 0.376161973456
19900 1.0 0.376207094611
20000 1.0 0.377161023055
20100 1.0 0.375873439664
20200 1.0 0.377371791823
20300 1.0 0.376866245504
20400 1.0 0.371858315664
20500 1.0 0.374117435821
20600 1.0 0.377957170439
20700 1.0 0.374456148027
20800 1.0 0.376569141326
20900 1.0 0.37689875055
21000 1.0 0.375929108883
21100 1.0 0.374983803491
21200 1.0 0.379030936153
21300 1.0 0.380753508502
21400 1.0 0.380038450785
21500 1.0 0.375903961126
21600 1.0 0.378772554686
21700 1.0 0.384898538585
21800 1.0 0.390064782653
21900 1.0 0.393481497253
22000 1.0 0.395305005447
22100 1.0 0.3962278087
22200 1.0 0.399552976955
22300 1.0 0.404303753651
22400 1.0 0.403323960512
22500 1.0 0.406978926053
22600 1.0 0.399110909913
22700 1.0 0.403294959817
22800 1.0 0.408569613763
22900 1.0 0.412930074342
23000 1.0 0.413483239518
23100 1.0 0.412235327352
23200 1.0 0.414210120316
23300 1.0 0.407347211284
23400 1.0 0.409145927192
23500 1.0 0.407295698906
23600 1.0 0.410858036902
23700 1.0 0.413865371261
23800 1.0 0.422948518726
23900 1.0 0.424153805843
24000 1.0 0.42250349353
24100 1.0 0.429801210068
24200 1.0 0.433142647869
24300 1.0 0.434353042929
24400 1.0 0.430221326088
24500 1.0 0.432857273631
24600 1.0 0.428273895181
24700 1.0 0.425596437109
24800 1.0 0.423814152893
24900 1.0 0.430902989628
25000 1.0 0.43328924923
25100 1.0 0.433124775094
25200 1.0 0.432211680539
25300 1.0 0.437422791094
25400 1.0 0.442873072593
25500 1.0 0.443096751742
25600 1.0 0.451097173969
25700 1.0 0.448960601402
25800 1.0 0.446861079027
25900 1.0 0.445429531054
26000 1.0 0.448072470272
26100 1.0 0.455103250355
26200 1.0 0.455414933127
26300 1.0 0.454602577713
26400 1.0 0.465536683873
26500 1.0 0.468492280562
26600 1.0 0.469244217473
26700 1.0 0.469533793669
26800 1.0 0.475651830707
26900 1.0 0.482396939578
27000 1.0 0.476942392578
27100 1.0 0.475716225757
27200 1.0 0.478005870223
27300 1.0 0.476715791558
27400 1.0 0.476817472303
27500 1.0 0.474858833002
27600 1.0 0.473289881101
27700 1.0 0.46716618812
27800 1.0 0.472033981529
27900 1.0 0.4683257304
28000 1.0 0.46869619219
28100 1.0 0.471777390404
28200 1.0 0.476518833397
28300 1.0 0.482642821594
28400 1.0 0.48096682898
28500 1.0 0.484571877554
28600 1.0 0.480683342378
28700 1.0 0.481698606386
28800 1.0 0.470498682006
28900 1.0 0.470900813065
29000 1.0 0.468286474307
29100 1.0 0.465365943986
29200 1.0 0.464032811567
29300 1.0 0.464521789762
29400 1.0 0.468621889562
29500 1.0 0.46568986386
29600 1.0 0.464872849323
29700 1.0 0.46165719187
29800 1.0 0.463376518917
29900 1.0 0.458880441359
30000 1.0 0.461379649261
30100 1.0 0.458084800831
30200 1.0 0.467718445139
30300 1.0 0.478592658932
30400 1.0 0.481894718472
30500 1.0 0.470047408286
30600 1.0 0.463599885412
30700 1.0 0.46143634788
30800 1.0 0.464064042275
30900 1.0 0.471069092943
31000 1.0 0.470903386423
31100 1.0 0.464375565826
31200 1.0 0.466171759704
31300 1.0 0.469039461725
31400 1.0 0.471589702248
31500 1.0 0.467934002369
31600 1.0 0.465731700613
31700 1.0 0.464962561661
31800 1.0 0.466931001976
31900 1.0 0.47090435952
32000 1.0 0.466229381992
32100 1.0 0.458903618649
32200 1.0 0.463824214858
32300 1.0 0.469153266435
32400 1.0 0.468745027192
32500 1.0 0.469932714499
32600 1.0 0.478890366537
32700 1.0 0.475371559731
32800 1.0 0.480094923021
32900 1.0 0.482632038953
33000 1.0 0.488365015316
33100 1.0 0.485882355464
33200 1.0 0.485290340131
33300 1.0 0.485366254629
33400 1.0 0.483811978301
33500 1.0 0.487504747762
33600 1.0 0.484319158953
33700 1.0 0.489436244289
33800 1.0 0.493525497434
33900 1.0 0.496945613641
34000 1.0 0.496724570649
34100 1.0 0.49621262358
34200 1.0 0.495019677173
34300 1.0 0.495678909562
34400 1.0 0.493782581928
34500 1.0 0.495952773054
34600 1.0 0.487952705181
34700 1.0 0.479806450008
34800 1.0 0.471447647184
34900 1.0 0.469493330613
35000 1.0 0.472857426964
35100 1.0 0.479550120137
35200 1.0 0.480548589902
35300 1.0 0.480392069741
35400 1.0 0.479041165108
35500 1.0 0.486373615798
35600 1.0 0.493893424486
35700 1.0 0.502176418346
35800 1.0 0.510597820756
35900 1.0 0.50768059605
36000 1.0 0.511170326056
36100 1.0 0.516900771386
36200 1.0 0.515045071965
36300 1.0 0.507159486781
36400 1.0 0.514317420593
36500 1.0 0.517958624773
36600 1.0 0.524008671644
36700 1.0 0.523602297424
36800 1.0 0.522153325126
36900 1.0 0.520392328487
37000 1.0 0.526000639283
37100 1.0 0.526253578448
37200 1.0 0.521373038132
37300 1.0 0.52811423961
37400 1.0 0.52828686832
37500 1.0 0.524516366852
37600 1.0 0.532144847606
37700 1.0 0.525403673494
37800 1.0 0.521541674514
37900 1.0 0.529227994759
38000 1.0 0.521834474024
38100 1.0 0.522441536441
38200 1.0 0.525166279267
38300 1.0 0.525145850208
38400 1.0 0.525375273567
38500 1.0 0.524567310042
38600 1.0 0.522791586713
38700 1.0 0.518907502406
38800 1.0 0.521840619806
38900 1.0 0.51665413467
39000 1.0 0.507063906914
39100 1.0 0.505595818698
39200 1.0 0.502328229127
39300 1.0 0.499985686631
39400 1.0 0.506673512053
39500 1.0 0.502993234092
39600 1.0 0.509174234328
39700 1.0 0.512443147872
39800 1.0 0.509417820021
39900 1.0 0.508818058699
40000 1.0 0.517020183774
40100 1.0 0.517820828987
40200 1.0 0.515743275083
40300 1.0 0.514217778897
40400 1.0 0.507867079963
40500 1.0 0.516310521883
40600 1.0 0.520339140446
40700 1.0 0.521361113021
40800 1.0 0.516826725061
40900 1.0 0.520205374605
41000 1.0 0.524943447699
41100 1.0 0.521293582206
41200 1.0 0.534501523766
41300 1.0 0.533009705143
41400 1.0 0.535990895754
41500 1.0 0.542734637862
41600 1.0 0.541911354768
41700 1.0 0.548381751788
41800 1.0 0.556636520689
41900 1.0 0.55161415958
42000 1.0 0.540327677857
42100 1.0 0.542890433503
42200 1.0 0.546095184772
42300 1.0 0.54391935438
42400 1.0 0.537678953884
42500 1.0 0.534362837387
42600 1.0 0.537411770605
42700 1.0 0.536526901788
42800 1.0 0.539324375331
42900 1.0 0.53644859358
43000 1.0 0.533433657061
43100 1.0 0.539023686079
43200 1.0 0.536369550707
43300 1.0 0.545449861379
43400 1.0 0.553335989969
43500 1.0 0.558198462116
43600 1.0 0.558085998591
43700 1.0 0.561617907208
43800 1.0 0.563523821563
43900 1.0 0.572725982556
44000 1.0 0.580832283592
44100 1.0 0.580810003973
44200 1.0 0.58018917969
44300 1.0 0.58243140905
44400 1.0 0.578851982942
44500 1.0 0.572657533357
44600 1.0 0.567936869062
44700 1.0 0.569674813621
44800 1.0 0.563949193726
44900 1.0 0.566380332706
45000 1.0 0.572230767839
45100 1.0 0.574651651362
45200 1.0 0.573683254701
45300 1.0 0.581641218412
45400 1.0 0.577571374879
45500 1.0 0.569648806616
45600 1.0 0.575292997783
45700 1.0 0.573944162211
45800 1.0 0.573529631876
45900 1.0 0.574945269556
46000 1.0 0.564062510516
46100 1.0 0.565885155865
46200 1.0 0.568952006584
46300 1.0 0.564699478877
46400 1.0 0.557584673035
46500 1.0 0.558432286264
46600 1.0 0.557496045107
46700 1.0 0.545918106463
46800 1.0 0.548788102386
46900 1.0 0.544710012949
47000 1.0 0.542462745438
47100 1.0 0.535769087184
47200 1.0 0.530434260895
47300 1.0 0.53199766153
47400 1.0 0.534598014713
47500 1.0 0.532604482353
47600 1.0 0.53631626064
47700 1.0 0.525693382897
47800 1.0 0.526144472378
47900 1.0 0.527268748899
48000 1.0 0.52399608763
48100 1.0 0.525793197034
48200 1.0 0.518999042736
48300 1.0 0.51976472705
48400 1.0 0.515708972863
48500 1.0 0.514401787232
48600 1.0 0.523623069909
48700 1.0 0.5232536343
48800 1.0 0.51849033624
48900 1.0 0.51303896187
49000 1.0 0.516983553271
49100 1.0 0.515758335393
49200 1.0 0.516314337429
49300 1.0 0.521980438578
49400 1.0 0.520985136625
49500 1.0 0.524053945787
49600 1.0 0.524997284304
49700 1.0 0.526155285598
49800 1.0 0.522866073066
49900 1.0 0.523420441731
50000 1.0 0.529822102328
50100 1.0 0.525066763937
50200 1.0 0.524397120103
50300 1.0 0.522221707233
50400 1.0 0.52188965093
50500 1.0 0.52112395004
50600 1.0 0.51924998255
50700 1.0 0.529139879331
50800 1.0 0.532914075506
50900 1.0 0.538230254771
51000 1.0 0.537336384346
51100 1.0 0.539735116025
51200 1.0 0.544084948559
51300 1.0 0.546434653296
51400 1.0 0.541314044823
51500 1.0 0.54228245753
51600 1.0 0.54716495124
51700 1.0 0.551825454147
51800 1.0 0.554462998739
51900 1.0 0.550253825338
52000 1.0 0.548678828729
52100 1.0 0.556330989607
52200 1.0 0.558070376094
52300 1.0 0.553092926553
52400 1.0 0.555724115427
52500 1.0 0.551362884254
52600 1.0 0.550046777241
52700 1.0 0.553794979009
52800 1.0 0.546454130783
52900 1.0 0.540109264156
53000 1.0 0.542601590242
53100 1.0 0.550788955046
53200 1.0 0.552139698754
53300 1.0 0.543198606861
53400 1.0 0.54053445275
53500 1.0 0.53581696127
53600 1.0 0.534866715704
53700 1.0 0.546644991392
53800 1.0 0.542672643716
53900 1.0 0.545077459114
54000 1.0 0.550599942118
54100 1.0 0.544998165761
54200 1.0 0.549265999799
54300 1.0 0.556415489439
54400 1.0 0.546222202582
54500 1.0 0.555063614331
54600 1.0 0.556399077802
54700 1.0 0.55579496622
54800 1.0 0.561749844437
54900 1.0 0.564568677625
55000 1.0 0.555927478959
55100 1.0 0.557336786318
55200 1.0 0.554644164503
55300 1.0 0.551053344632
55400 1.0 0.550187928074
55500 1.0 0.543251407988
55600 1.0 0.537454883319
55700 1.0 0.538100982047
55800 1.0 0.539659340035
55900 1.0 0.535386251277
56000 1.0 0.537926433272
56100 1.0 0.546345473723
56200 1.0 0.544952489169
56300 1.0 0.54044403256
56400 1.0 0.532672697365
56500 1.0 0.53198948918
56600 1.0 0.521218980621
56700 1.0 0.518997255788
56800 1.0 0.513644717424
56900 1.0 0.517565437073
57000 1.0 0.509749413312
57100 1.0 0.514070520361
57200 1.0 0.513591419088
57300 1.0 0.515685770606
57400 1.0 0.517295082926
57500 1.0 0.515414850442
57600 1.0 0.515880354805
57700 1.0 0.517812685705
57800 1.0 0.517610407522
57900 1.0 0.514383908705
58000 1.0 0.515829536546
58100 1.0 0.51749174204
58200 1.0 0.509415997833
58300 1.0 0.509099416882
58400 1.0 0.514977503495
58500 1.0 0.515669283118
58600 1.0 0.513528533181
58700 1.0 0.509597016213
58800 1.0 0.508292787095
58900 1.0 0.51718985584
59000 1.0 0.521343046778
59100 1.0 0.517992505227
59200 1.0 0.50452203235
59300 1.0 0.506491949383
59400 1.0 0.509047791757
59500 1.0 0.509555759832
59600 1.0 0.508944444194
59700 1.0 0.507062088988
59800 1.0 0.51013563005
59900 1.0 0.519176847369
60000 1.0 0.515189960872
60100 1.0 0.524780193946
60200 1.0 0.530738377843
60300 1.0 0.534399026354
60400 1.0 0.528271617282
60500 1.0 0.536162351285
60600 1.0 0.530117487838
60700 1.0 0.538010286613
60800 1.0 0.536380808909
60900 1.0 0.524830271361
61000 1.0 0.521106944229
61100 1.0 0.517241200076
61200 1.0 0.518012442714
61300 1.0 0.519557094263
61400 1.0 0.524020850114
61500 1.0 0.529174258248
61600 1.0 0.530152189209
61700 1.0 0.53380551174
61800 1.0 0.540129681475
61900 1.0 0.543351795995
62000 1.0 0.547494733534
62100 1.0 0.554282976384
62200 1.0 0.558779688206
62300 1.0 0.560476032098
62400 1.0 0.560725849965
62500 1.0 0.559560596563
62600 1.0 0.552741681037
62700 1.0 0.556004894143
62800 1.0 0.550112691019
62900 1.0 0.547597718513
63000 1.0 0.539648337916
63100 1.0 0.542992135599
63200 1.0 0.538551594499
63300 1.0 0.536968728004
63400 1.0 0.543126509944
63500 1.0 0.539108373087
63600 1.0 0.538094386767
63700 1.0 0.539607633827
63800 1.0 0.541119050711
63900 1.0 0.543942685686
64000 1.0 0.544623500346
64100 1.0 0.547796486058
64200 1.0 0.55055679709
64300 1.0 0.549617468898
64400 1.0 0.546232132673
64500 1.0 0.544837610973
64600 1.0 0.550941858569
64700 1.0 0.54749182016
64800 1.0 0.542534022587
64900 1.0 0.540811651194
65000 1.0 0.542620643906
65100 1.0 0.545893369911
65200 1.0 0.540054170352
65300 1.0 0.53976429171
65400 1.0 0.531140783468
65500 1.0 0.529233230878
65600 1.0 0.519839046412
65700 1.0 0.523812665184
65800 1.0 0.524954449855
65900 1.0 0.528000713272
66000 1.0 0.527773010296
66100 1.0 0.528031080855
66200 1.0 0.532975618043
66300 1.0 0.532991073207
66400 1.0 0.534071773086
66500 1.0 0.541295545098
66600 1.0 0.528783969307
66700 1.0 0.541464482204
66800 1.0 0.544043277851
66900 1.0 0.547661843011
67000 1.0 0.544469279394
67100 1.0 0.536925828125
67200 1.0 0.537167857001
67300 1.0 0.543275310946
67400 1.0 0.53783578486
67500 1.0 0.527788680522
67600 1.0 0.526196604202
67700 1.0 0.519880623993
67800 1.0 0.520042734757
67900 1.0 0.519234793619
68000 1.0 0.516750292917
68100 1.0 0.521527469155
68200 1.0 0.522471002381
68300 1.0 0.522131633687
68400 1.0 0.529938175818
68500 1.0 0.529124277602
68600 1.0 0.530421427072
68700 1.0 0.536591114154
68800 1.0 0.524586073069
68900 1.0 0.520232422828
69000 1.0 0.525122005016
69100 1.0 0.520388328676
69200 1.0 0.52352582841
69300 1.0 0.51941035936
69400 1.0 0.518091353685
69500 1.0 0.517573362103
69600 1.0 0.510826855998
69700 1.0 0.499972607591
69800 1.0 0.502843409911
69900 1.0 0.49777742602
70000 1.0 0.494715201737
70100 1.0 0.501658534497
70200 1.0 0.497916217295
70300 1.0 0.500090389072
70400 1.0 0.489205910463
70500 1.0 0.489600178475
70600 1.0 0.484885374492
70700 1.0 0.486805902083
70800 1.0 0.487393699293
70900 1.0 0.49615516665
71000 1.0 0.493015304507
71100 1.0 0.488805715232
71200 1.0 0.493196226148
71300 1.0 0.492895666387
71400 1.0 0.491198647727
71500 1.0 0.48616342588
71600 1.0 0.486518304008
71700 1.0 0.492121578659
71800 1.0 0.492236079624
71900 1.0 0.484325255171
72000 1.0 0.484558196694
72100 1.0 0.485989976327
72200 1.0 0.491641132773
72300 1.0 0.492551311298
72400 1.0 0.492916311511
72500 1.0 0.495950647645
72600 1.0 0.501848661537
72700 1.0 0.507169028001
72800 1.0 0.50164241116
72900 1.0 0.50734740749
73000 1.0 0.513145859113
73100 1.0 0.509271571206
73200 1.0 0.510488200157
73300 1.0 0.508728045441
73400 1.0 0.510139818037
73500 1.0 0.512222867075
73600 1.0 0.507263706701
73700 1.0 0.506862579088
73800 1.0 0.505982086296
73900 1.0 0.51782121325
74000 1.0 0.514526949933
74100 1.0 0.515569347113
74200 1.0 0.526067201775
74300 1.0 0.522845258967
74400 1.0 0.525465379034
74500 1.0 0.524451944085
74600 1.0 0.526070085695
74700 1.0 0.530662062485
74800 1.0 0.523341595782
74900 1.0 0.521879866186
75000 1.0 0.514131704755
75100 1.0 0.515287618347
75200 1.0 0.517695654917
75300 1.0 0.525267601457
75400 1.0 0.521535102578
75500 1.0 0.520060888931
75600 1.0 0.522396833614
75700 1.0 0.519627219676
75800 1.0 0.519177091982
75900 1.0 0.518583114412
76000 1.0 0.515736307468
76100 1.0 0.515176932474
76200 1.0 0.509537623233
76300 1.0 0.510616982288
76400 1.0 0.507559429926
76500 1.0 0.49754480543
76600 1.0 0.491760353867
76700 1.0 0.487156956777
76800 1.0 0.485283409532
76900 1.0 0.48532445745
77000 1.0 0.495087324697
77100 1.0 0.485915029633
77200 1.0 0.480260298434
77300 1.0 0.480644697343
77400 1.0 0.493386221466
77500 1.0 0.48856859437
77600 1.0 0.491944198144
77700 1.0 0.495848375744
77800 1.0 0.500484631969
77900 1.0 0.495557237464
78000 1.0 0.496294771686
78100 1.0 0.497916946004
78200 1.0 0.490460030053
78300 1.0 0.486734643308
78400 1.0 0.489503771977
78500 1.0 0.481008699672
78600 1.0 0.483248099299
78700 1.0 0.489658460522
78800 1.0 0.48969684527
78900 1.0 0.487788108687
79000 1.0 0.492647061611
79100 1.0 0.489939617829
79200 1.0 0.486693397034
79300 1.0 0.487830797406
79400 1.0 0.495443592109
79500 1.0 0.491004148588
79600 1.0 0.49570900131
79700 1.0 0.501252175915
79800 1.0 0.506668763674
79900 1.0 0.510465178235
80000 1.0 0.519358838172
80100 1.0 0.515768066978
80200 1.0 0.515981661962
80300 1.0 0.508419173235
80400 1.0 0.507822094063
80500 1.0 0.508744109112
80600 1.0 0.508797062354
80700 1.0 0.514743682555
80800 1.0 0.509921672542
80900 1.0 0.509518144868
81000 1.0 0.504225692756
81100 1.0 0.496231712892
81200 1.0 0.496845020393
81300 1.0 0.503242707276
81400 1.0 0.507866457098
81500 1.0 0.498976026243
81600 1.0 0.497757621966
81700 1.0 0.506869380027
81800 1.0 0.506055430718
81900 1.0 0.501832453737
82000 1.0 0.497962013536
82100 1.0 0.500551061264
82200 1.0 0.508674883719
82300 1.0 0.507953146306
82400 1.0 0.499066168016
82500 1.0 0.49825180805
82600 1.0 0.501102336417
82700 1.0 0.504724101246
82800 1.0 0.507080762106
82900 1.0 0.506992080008
83000 1.0 0.503609552572
83100 1.0 0.510785368845
83200 1.0 0.50884686727
83300 1.0 0.503080468691
83400 1.0 0.510336465956
83500 1.0 0.50204912932
83600 1.0 0.505649719578
83700 1.0 0.510147971383
83800 1.0 0.511880706342
83900 1.0 0.509635529846
84000 1.0 0.513085207542
84100 1.0 0.512742911979
84200 1.0 0.515066371835
84300 1.0 0.51620985091
84400 1.0 0.523371261404
84500 1.0 0.518136562993
84600 1.0 0.524450409938
84700 1.0 0.532544155012
84800 1.0 0.531313079521
84900 1.0 0.519595777031
85000 1.0 0.513124084899
85100 1.0 0.505759338123
85200 1.0 0.510757116019
85300 1.0 0.504450153888
85400 1.0 0.498630854289
85500 1.0 0.497022230731
85600 1.0 0.492861713569
85700 1.0 0.49752034555
85800 1.0 0.496912819194
85900 1.0 0.504154390437
86000 1.0 0.497021647259
86100 1.0 0.495378881019
86200 1.0 0.494705794418
86300 1.0 0.488468463327
86400 1.0 0.494541511494
86500 1.0 0.491454315081
86600 1.0 0.488095949671
86700 1.0 0.483705683166
86800 1.0 0.481396993334
86900 1.0 0.478343889275
87000 1.0 0.480473496901
87100 1.0 0.470930539301
87200 1.0 0.473495319501
87300 1.0 0.468774994104
87400 1.0 0.470415135621
87500 1.0 0.471378846406
87600 1.0 0.472947477515
87700 1.0 0.473631348699
87800 1.0 0.477254536721
87900 1.0 0.473110811985
88000 1.0 0.478499880566
88100 1.0 0.471300955074
88200 1.0 0.471633080887
88300 1.0 0.473450906844
88400 1.0 0.470964982007
88500 1.0 0.473585441309
88600 1.0 0.479703901272
88700 1.0 0.477075102646
88800 1.0 0.485382175844
88900 1.0 0.491415890597
89000 1.0 0.49438615368
89100 1.0 0.499850854039
89200 1.0 0.500210200508
89300 1.0 0.506125966068
89400 1.0 0.504264061803
89500 1.0 0.509294205527
89600 1.0 0.513503094015
89700 1.0 0.52082592344
89800 1.0 0.526848772225
89900 1.0 0.531868993329
90000 1.0 0.534658414901
90100 1.0 0.531165429375
90200 1.0 0.537193811326
90300 1.0 0.540652170465
90400 1.0 0.538875494578
90500 1.0 0.530201561103
90600 1.0 0.525687055284
90700 1.0 0.526962033775
90800 1.0 0.530348629958
90900 1.0 0.524237318335
91000 1.0 0.52802765401
91100 1.0 0.531004606445
91200 1.0 0.529530264985
91300 1.0 0.521049250786
91400 1.0 0.517930433731
91500 1.0 0.515385440071
91600 1.0 0.512963158121
91700 1.0 0.514951592408
91800 1.0 0.514502965209
91900 1.0 0.52440203772
92000 1.0 0.529387248927
92100 1.0 0.531406387474
92200 1.0 0.526715621432
92300 1.0 0.526834251053
92400 1.0 0.523777837748
92500 1.0 0.526645820814
92600 1.0 0.525207540469
92700 1.0 0.528338223943
92800 1.0 0.523637450576
92900 1.0 0.524945815531
93000 1.0 0.526073934184
93100 1.0 0.527961246948
93200 1.0 0.533030464167
93300 1.0 0.52500557955
93400 1.0 0.527123542222
93500 1.0 0.527946373023
93600 1.0 0.521220679986
93700 1.0 0.516040656325
93800 1.0 0.505203368755
93900 1.0 0.505344235765
94000 1.0 0.508693155603
94100 1.0 0.49831706355
94200 1.0 0.498696620633
94300 1.0 0.508810408521
94400 1.0 0.506152125756
94500 1.0 0.504010685008
94600 1.0 0.50329375934
94700 1.0 0.507619581818
94800 1.0 0.498096378603
94900 1.0 0.501560693408
95000 1.0 0.499643010314
95100 1.0 0.505062557915
95200 1.0 0.503290226784
95300 1.0 0.503616501841
95400 1.0 0.506252985573
95500 1.0 0.504772472382
95600 1.0 0.49597184939
95700 1.0 0.507372780569
95800 1.0 0.501769798378
95900 1.0 0.506462969621
96000 1.0 0.510464264144
96100 1.0 0.516566534218
96200 1.0 0.516804809929
96300 1.0 0.515037283025
96400 1.0 0.521211299202
96500 1.0 0.522921534434
96600 1.0 0.516542103126
96700 1.0 0.516102852973
96800 1.0 0.520228511933
96900 1.0 0.512627302685
97000 1.0 0.509913281348
97100 1.0 0.512806911634
97200 1.0 0.514059034841
97300 1.0 0.51598504322
97400 1.0 0.511291188263
97500 1.0 0.512335619683
97600 1.0 0.513513486412
97700 1.0 0.51545552719
97800 1.0 0.523585548807
97900 1.0 0.528028950899
98000 1.0 0.529533820519
98100 1.0 0.531617523296
98200 1.0 0.534305611136
98300 1.0 0.541406547904
98400 1.0 0.536960967556
98500 1.0 0.540566257643
98600 1.0 0.538905241345
98700 1.0 0.540754782332
98800 1.0 0.530472080777
98900 1.0 0.526719951363
99000 1.0 0.526221840204
99100 1.0 0.520970115577
99200 1.0 0.51667347042
99300 1.0 0.520483290036
99400 1.0 0.519116036855
99500 1.0 0.520350184756
99600 1.0 0.521708601162
99700 1.0 0.524679761295
99800 1.0 0.518527061641
99900 1.0 0.520459372268
100000 1.0 0.519223717154
100100 1.0 0.524260592502
100200 1.0 0.530890854754
100300 1.0 0.530113816528
100400 1.0 0.541055435085
100500 1.0 0.545741731366
100600 1.0 0.547197126519
100700 1.0 0.541179528511
100800 1.0 0.540784403935
100900 1.0 0.545738665956
101000 1.0 0.542201514302
101100 1.0 0.531241665521
101200 1.0 0.538485397065
101300 1.0 0.551575733479
101400 1.0 0.547281792807
101500 1.0 0.550728387278
101600 1.0 0.550678343293
101700 1.0 0.536886412965
101800 1.0 0.544270494571
101900 1.0 0.54180558483
102000 1.0 0.537651936488
102100 1.0 0.537631816192
102200 1.0 0.536983535263
102300 1.0 0.532078499552
102400 1.0 0.535962847524
102500 1.0 0.54666919059
102600 1.0 0.538847255594
102700 1.0 0.539837791784
102800 1.0 0.533757587106
102900 1.0 0.540343530518
103000 1.0 0.547378161789
103100 1.0 0.545225112507
103200 1.0 0.54487768766
103300 1.0 0.552731647452
103400 1.0 0.56233409634
103500 1.0 0.55782368429
103600 1.0 0.547001528225
103700 1.0 0.555516450939
103800 1.0 0.555063487927
103900 1.0 0.560479386558
104000 1.0 0.559144213365
104100 1.0 0.565075943116
104200 1.0 0.566044767803
104300 1.0 0.571052540307
104400 1.0 0.568364353682
104500 1.0 0.565285985562
104600 1.0 0.567599964447
104700 1.0 0.574261951345
104800 1.0 0.574287057407
104900 1.0 0.576636782417
105000 1.0 0.580960283769
105100 1.0 0.577033118055
105200 1.0 0.581069298867
105300 1.0 0.593844817878
105400 1.0 0.596970396016
105500 1.0 0.59420706445
105600 1.0 0.595685032279
105700 1.0 0.58948734085
105800 1.0 0.587338683022
105900 1.0 0.583281616341
106000 1.0 0.583717762172
106100 1.0 0.571754818902
106200 1.0 0.575714579
106300 1.0 0.574764056401
106400 1.0 0.574600526416
106500 1.0 0.567441558478
106600 1.0 0.56178669707
106700 1.0 0.569140814584
106800 1.0 0.560840314877
106900 1.0 0.554462853303
107000 1.0 0.557127230349
107100 1.0 0.556298924846
107200 1.0 0.557584174542
107300 1.0 0.550814916801
107400 1.0 0.554165478965
107500 1.0 0.554714385141
107600 1.0 0.553247442563
107700 1.0 0.553587928471
107800 1.0 0.554994856885
107900 1.0 0.546787881215
108000 1.0 0.552379310711
108100 1.0 0.554955573755
108200 1.0 0.562325214335
108300 1.0 0.563290271204
108400 1.0 0.558528419133
108500 1.0 0.554792225046
108600 1.0 0.559261322294
108700 1.0 0.552423154106
108800 1.0 0.558497826457
108900 1.0 0.557599089732
109000 1.0 0.556695042892
109100 1.0 0.558505649972
109200 1.0 0.559886269249
109300 1.0 0.557194102104
109400 1.0 0.563200471853
109500 1.0 0.563850216901
109600 1.0 0.569145081497
109700 1.0 0.576871417175
109800 1.0 0.584200048128
109900 1.0 0.589174589379
110000 1.0 0.586641311281
110100 1.0 0.582101406009
110200 1.0 0.588847648153
110300 1.0 0.590158516217
110400 1.0 0.587840928454
110500 1.0 0.585463795037
110600 1.0 0.582612200865
110700 1.0 0.582234804765
110800 1.0 0.583047932647
110900 1.0 0.58188634866
111000 1.0 0.587924205669
111100 1.0 0.590357448703
111200 1.0 0.586101284536
111300 1.0 0.586792958089
111400 1.0 0.582495263936
111500 1.0 0.579891954812
111600 1.0 0.582144025854
111700 1.0 0.582139104207
111800 1.0 0.57675075207
111900 1.0 0.578741757933
112000 1.0 0.582590541199
112100 1.0 0.576533494524
112200 1.0 0.578397256138
112300 1.0 0.578688339053
112400 1.0 0.578715541482
112500 1.0 0.584332182543
112600 1.0 0.58573381456
112700 1.0 0.584715020317
112800 1.0 0.587316853406
112900 1.0 0.585962508627
113000 1.0 0.59542374433
113100 1.0 0.588868681008
113200 1.0 0.583365166084
113300 1.0 0.579395928002
113400 1.0 0.580149472118
113500 1.0 0.580936614235
113600 1.0 0.573095378548
113700 1.0 0.569307442241
113800 1.0 0.564366635244
113900 1.0 0.563306739621
114000 1.0 0.567013769383
114100 1.0 0.563767928171
114200 1.0 0.559952068711
114300 1.0 0.562673396152
114400 1.0 0.570058908329
114500 1.0 0.577071537
114600 1.0 0.564408698606
114700 1.0 0.572234157529
114800 1.0 0.563962276694
114900 1.0 0.556622969511
115000 1.0 0.554883761464
115100 1.0 0.550712366437
115200 1.0 0.55526105609
115300 1.0 0.550297422017
115400 1.0 0.533244148679
115500 1.0 0.536448055204
115600 1.0 0.533506230699
115700 1.0 0.529237590797
115800 1.0 0.534536189939
115900 1.0 0.53077523401
116000 1.0 0.527690095581
116100 1.0 0.520515216067
116200 1.0 0.522966189072
116300 1.0 0.521801801691
116400 1.0 0.522295473185
116500 1.0 0.519134316591
116600 1.0 0.513920453663
116700 1.0 0.514552471947
116800 1.0 0.519066970945
116900 1.0 0.516986274697
117000 1.0 0.52216883907
117100 1.0 0.51713178837
117200 1.0 0.519683741353
117300 1.0 0.516687226827
117400 1.0 0.513640279093
117500 1.0 0.508317355853
117600 1.0 0.516196219546
117700 1.0 0.522856940709
117800 1.0 0.517820443161
117900 1.0 0.520591082516
118000 1.0 0.524247442226
118100 1.0 0.52849611579
118200 1.0 0.534688927205
118300 1.0 0.531599002069
118400 1.0 0.526530204125
118500 1.0 0.524139483989
118600 1.0 0.528148743039
118700 1.0 0.524018951086
118800 1.0 0.516288034622
118900 1.0 0.514112640473
119000 1.0 0.51855436503
119100 1.0 0.526586855724
119200 1.0 0.518024143156
119300 1.0 0.516236335171
119400 1.0 0.510915096258
119500 1.0 0.51304495754
119600 1.0 0.511775083936
119700 1.0 0.507022240146
119800 1.0 0.508077732508
119900 1.0 0.510194083835
120000 1.0 0.511065697758
120100 1.0 0.510340619256
120200 1.0 0.504723018764
120300 1.0 0.499094223546
120400 1.0 0.500472916009
120500 1.0 0.500299327629
120600 1.0 0.491224092003
120700 1.0 0.492312436292
120800 1.0 0.490923999893
120900 1.0 0.483437106058
121000 1.0 0.496772234084
121100 1.0 0.495310457152
121200 1.0 0.502784468631
121300 1.0 0.500937374557
121400 1.0 0.500967592937
121500 1.0 0.514919876666
121600 1.0 0.517806829372
121700 1.0 0.515750612867
121800 1.0 0.512209349064
121900 1.0 0.511120838475
122000 1.0 0.508701502442
122100 1.0 0.510121944427
122200 1.0 0.50195626719
122300 1.0 0.505283587341
122400 1.0 0.503818396924
122500 1.0 0.500791978546
122600 1.0 0.506747745647
122700 1.0 0.506389320095
122800 1.0 0.518969293793
122900 1.0 0.51497647063
123000 1.0 0.511617027533
123100 1.0 0.510908479208
123200 1.0 0.513334012537
123300 1.0 0.511503046437
123400 1.0 0.507810457554
123500 1.0 0.499554658144
123600 1.0 0.491061220789
123700 1.0 0.498964201524
123800 1.0 0.504274947554
123900 1.0 0.501517384165
124000 1.0 0.493463770603
124100 1.0 0.493833091889
124200 1.0 0.490468904893
124300 1.0 0.490134517398
124400 1.0 0.492555137903
124500 1.0 0.48298624141
124600 1.0 0.482261520314
124700 1.0 0.483574365131
124800 1.0 0.487238054178
124900 1.0 0.484874175266
125000 1.0 0.483999307884
125100 1.0 0.484943912847
125200 1.0 0.477709972221
125300 1.0 0.479811671794
125400 1.0 0.474552771485
125500 1.0 0.470568197464
125600 1.0 0.47605331289
125700 1.0 0.477607152727
125800 1.0 0.476762400174
125900 1.0 0.477869209702
126000 1.0 0.47319086361
126100 1.0 0.475548652621
126200 1.0 0.472661596972
126300 1.0 0.469919505019
126400 1.0 0.466904012506
126500 1.0 0.465087545449
126600 1.0 0.467637372103
126700 1.0 0.46404781748
126800 1.0 0.467428898135
126900 1.0 0.469769151302
127000 1.0 0.474005651985
127100 1.0 0.471666709597
127200 1.0 0.468262182083
127300 1.0 0.464375429009
127400 1.0 0.461965995403
127500 1.0 0.460688303122
127600 1.0 0.463573346742
127700 1.0 0.461338254847
127800 1.0 0.463651589453
127900 1.0 0.459106384947
128000 1.0 0.456058021893
128100 1.0 0.451808726138
128200 1.0 0.456308729345
128300 1.0 0.455020625082
128400 1.0 0.458787822104
128500 1.0 0.458082070177
128600 1.0 0.450829349781
128700 1.0 0.454259420895
128800 1.0 0.456066929875
128900 1.0 0.463305256789
129000 1.0 0.465295853936
129100 1.0 0.471308715672
129200 1.0 0.461511634646
129300 1.0 0.469076510737
129400 1.0 0.474408487903
129500 1.0 0.484953890671
129600 1.0 0.485311976264
129700 1.0 0.482385956081
129800 1.0 0.476109663239
129900 1.0 0.47536133331
130000 1.0 0.482425225133
130100 1.0 0.489549219029
130200 1.0 0.494247965984
130300 1.0 0.496008210499
130400 1.0 0.488362090746
130500 1.0 0.489578414195
130600 1.0 0.479529972703
130700 1.0 0.488540205046
130800 1.0 0.485994610937
130900 1.0 0.496393430593
131000 1.0 0.508302530335
131100 1.0 0.509901757963
131200 1.0 0.503969742281
131300 1.0 0.499128789524
131400 1.0 0.500232453699
131500 1.0 0.500443548188
131600 1.0 0.496032109413
131700 1.0 0.500335918306
131800 1.0 0.497823138584
131900 1.0 0.499018227482
132000 1.0 0.498036000639
132100 1.0 0.506343660699
132200 1.0 0.511442960783
132300 1.0 0.514063034613
132400 1.0 0.51667986656
132500 1.0 0.520489269131
132600 1.0 0.516464134772
132700 1.0 0.514930714306
132800 1.0 0.513501568053
132900 1.0 0.508262081941
133000 1.0 0.500948612041
133100 1.0 0.508737636949
133200 1.0 0.516970320515
133300 1.0 0.51887888233
133400 1.0 0.516499808545
133500 1.0 0.524375971765
133600 1.0 0.517840275536
133700 1.0 0.512156254462
133800 1.0 0.523585927337
133900 1.0 0.530670806275
134000 1.0 0.537045539424
134100 1.0 0.541089732527
134200 1.0 0.548335017185
134300 1.0 0.549577260209
134400 1.0 0.543854344725
134500 1.0 0.539688361605
134600 1.0 0.540505031534
134700 1.0 0.534230862569
134800 1.0 0.540429336511
134900 1.0 0.545373114029
135000 1.0 0.540679674664
135100 1.0 0.530536407786
135200 1.0 0.524538272656
135300 1.0 0.520679338725
135400 1.0 0.519253590117
135500 1.0 0.527450359724
135600 1.0 0.527899500327
135700 1.0 0.528005382086
135800 1.0 0.522239846732
135900 1.0 0.522079670337
136000 1.0 0.512699815511
136100 1.0 0.514462413691
136200 1.0 0.523250029312
136300 1.0 0.52430667164
136400 1.0 0.526042990596
136500 1.0 0.531616152455
136600 1.0 0.531032631229
136700 1.0 0.534406669331
136800 1.0 0.528084798073
136900 1.0 0.534424376968
137000 1.0 0.526202489813
137100 1.0 0.529088996289
137200 1.0 0.538382685166
137300 1.0 0.541515621704
137400 1.0 0.545908233707
137500 1.0 0.543971921323
137600 1.0 0.544554511199
137700 1.0 0.537274999773
137800 1.0 0.54183295247
137900 1.0 0.534913237857
138000 1.0 0.531447455114
138100 1.0 0.530935529843
138200 1.0 0.530707633369
138300 1.0 0.539250605996
138400 1.0 0.524226760446
138500 1.0 0.532228635246
138600 1.0 0.535052685937
138700 1.0 0.541791150845
138800 1.0 0.541943042961
138900 1.0 0.536617118142
139000 1.0 0.540773833055
139100 1.0 0.534887001652
139200 1.0 0.533075855866
139300 1.0 0.535302443946
139400 1.0 0.534461233953
139500 1.0 0.530757635285
139600 1.0 0.53298898389
139700 1.0 0.530081924107
139800 1.0 0.525235445895
139900 1.0 0.528841093615
140000 1.0 0.525280433426
140100 1.0 0.532623016168
140200 1.0 0.533378952228
140300 1.0 0.534826440523
140400 1.0 0.525981305015
140500 1.0 0.534573957938
140600 1.0 0.529936639968
140700 1.0 0.53197507349
140800 1.0 0.533546940383
140900 1.0 0.536798177855
141000 1.0 0.53221202652
141100 1.0 0.531205917608
141200 1.0 0.52766757209
141300 1.0 0.536477556511
141400 1.0 0.536339116377
141500 1.0 0.547254099147
141600 1.0 0.540924453011
141700 1.0 0.538876213088
141800 1.0 0.542722249327
141900 1.0 0.535144181085
142000 1.0 0.53390688707
142100 1.0 0.534925914754
142200 1.0 0.535676192167
142300 1.0 0.541056809269
142400 1.0 0.547262516951
142500 1.0 0.541208134802
142600 1.0 0.538674020093
142700 1.0 0.537131812384
142800 1.0 0.534630708347
142900 1.0 0.530222395775
143000 1.0 0.515614317505
143100 1.0 0.506729637302
143200 1.0 0.501605033387
143300 1.0 0.508776877919
143400 1.0 0.51790901947
143500 1.0 0.526135547566
143600 1.0 0.523555605686
143700 1.0 0.526157890559
143800 1.0 0.527779930919
143900 1.0 0.524863173978
144000 1.0 0.523585915256
144100 1.0 0.515928956881
144200 1.0 0.514260600701
144300 1.0 0.512709219018
144400 1.0 0.513603879166
144500 1.0 0.514458354186
144600 1.0 0.514639653013
144700 1.0 0.506845346553
144800 1.0 0.50510757903
144900 1.0 0.497526631149
145000 1.0 0.494120321619
145100 1.0 0.497692114027
145200 1.0 0.497355626492
145300 1.0 0.491680075774
145400 1.0 0.488296479692
145500 1.0 0.492040300638
145600 1.0 0.494895407972
145700 1.0 0.489858274106
145800 1.0 0.489636012015
145900 1.0 0.489371187828
146000 1.0 0.490154678174
146100 1.0 0.491646647017
146200 1.0 0.486334171511
146300 1.0 0.482414777831
146400 1.0 0.48502633374
146500 1.0 0.48496723422
146600 1.0 0.48613962847
146700 1.0 0.494216921767
146800 1.0 0.489265792029
146900 1.0 0.484140948994
147000 1.0 0.495265116781
147100 1.0 0.498574609257
147200 1.0 0.499018674948
147300 1.0 0.49805083518
147400 1.0 0.489552738399
147500 1.0 0.490949215576
147600 1.0 0.485149085396
147700 1.0 0.489895900889
147800 1.0 0.490294817219
147900 1.0 0.48886002747
148000 1.0 0.481672753104
148100 1.0 0.478223896992
148200 1.0 0.474127132688
148300 1.0 0.472188912603
148400 1.0 0.475727634502
148500 1.0 0.474438076268
148600 1.0 0.472726737637
148700 1.0 0.473226142816
148800 1.0 0.468609286977
148900 1.0 0.473177650156
149000 1.0 0.473087236081
149100 1.0 0.477020204038
149200 1.0 0.481661578692
149300 1.0 0.478759184228
149400 1.0 0.478098876774
149500 1.0 0.473742260267
149600 1.0 0.469636891954
149700 1.0 0.473364822801
149800 1.0 0.465199677826
149900 1.0 0.464920696913
150000 1.0 0.46524247607
150100 1.0 0.46032025843
150200 1.0 0.461083923534
150300 1.0 0.465357714188
150400 1.0 0.472644386819
150500 1.0 0.476662385502
150600 1.0 0.473015339149
150700 1.0 0.47071897819
150800 1.0 0.475726788297
150900 1.0 0.478209915697
151000 1.0 0.476949749293
151100 1.0 0.475897060659
151200 1.0 0.482312907508
151300 1.0 0.484937667732
151400 1.0 0.482004839725
151500 1.0 0.483841471654
151600 1.0 0.486669605038
151700 1.0 0.49059622536
151800 1.0 0.497399448234
151900 1.0 0.500118339419
152000 1.0 0.508974059681
152100 1.0 0.513266352903
152200 1.0 0.521242029639
152300 1.0 0.522703886986
152400 1.0 0.524764770789
152500 1.0 0.524549538389
152600 1.0 0.52207894185
152700 1.0 0.524319324507
152800 1.0 0.520483915249
152900 1.0 0.519703164976
153000 1.0 0.513724679584
153100 1.0 0.512879442716
153200 1.0 0.522425334501
153300 1.0 0.520392770139
153400 1.0 0.531304467431
153500 1.0 0.536753634581
153600 1.0 0.533549169106
153700 1.0 0.534592948984
153800 1.0 0.538164528867
153900 1.0 0.535984940578
154000 1.0 0.544660639064
154100 1.0 0.548062775704
154200 1.0 0.541496929266
154300 1.0 0.546412274937
154400 1.0 0.537426638287
154500 1.0 0.544401761798
154600 1.0 0.545680339913
154700 1.0 0.545272528084
154800 1.0 0.545705912162
154900 1.0 0.549544235206
155000 1.0 0.548285027332
155100 1.0 0.536393859157
155200 1.0 0.53847075127
155300 1.0 0.538649707395
155400 1.0 0.532122585155
155500 1.0 0.535526479971
155600 1.0 0.533839726115
155700 1.0 0.535629473962
155800 1.0 0.531077747473
155900 1.0 0.527735624615
156000 1.0 0.530706987783
156100 1.0 0.535246840989
156200 1.0 0.534330079897
156300 1.0 0.536567228971
156400 1.0 0.527542481244
156500 1.0 0.527121388861
156600 1.0 0.529848602096
156700 1.0 0.531912168376
156800 1.0 0.535933726178
156900 1.0 0.544209780678
157000 1.0 0.542175375786
157100 1.0 0.541382492613
157200 1.0 0.547410932114
157300 1.0 0.54319453727
157400 1.0 0.543258555079
157500 1.0 0.550878512694
157600 1.0 0.550849124581
157700 1.0 0.553555358244
157800 1.0 0.551081771754
157900 1.0 0.555060961421
158000 1.0 0.557634730971
158100 1.0 0.559518323993
158200 1.0 0.551113879254
158300 1.0 0.54882812282
158400 1.0 0.552139463279
158500 1.0 0.547960381795
158600 1.0 0.550978169044
158700 1.0 0.553454920268
158800 1.0 0.545919109338
158900 1.0 0.543594245461
159000 1.0 0.546480309143
159100 1.0 0.542452103041
159200 1.0 0.540545932652
159300 1.0 0.543621850588
159400 1.0 0.542875712272
159500 1.0 0.544388476801
159600 1.0 0.536344852563
159700 1.0 0.53153793673
159800 1.0 0.535125264209
159900 1.0 0.536455733911
160000 1.0 0.534127930918
160100 1.0 0.533888410181
160200 1.0 0.532422097844
160300 1.0 0.538336546694
160400 1.0 0.542439345182
160500 1.0 0.535418632694
160600 1.0 0.538445809905
160700 1.0 0.535632748835
160800 1.0 0.541861297555
160900 1.0 0.537649793568
161000 1.0 0.534376587997
161100 1.0 0.536574034308
161200 1.0 0.545918760295
161300 1.0 0.543360447506
161400 1.0 0.542375032845
161500 1.0 0.541574536463
161600 1.0 0.538393880414
161700 1.0 0.53849549013
161800 1.0 0.538653886008
161900 1.0 0.535826200582
162000 1.0 0.526405547965
162100 1.0 0.532417510314
162200 1.0 0.53346025829
162300 1.0 0.54339592552
162400 1.0 0.547775766239
162500 1.0 0.551680549378
162600 1.0 0.557582180226
162700 1.0 0.55439683086
162800 1.0 0.563142060676
162900 1.0 0.57280584281
163000 1.0 0.58055396423
163100 1.0 0.575121571324
163200 1.0 0.564055989708
163300 1.0 0.568397074329
163400 1.0 0.569054065261
163500 1.0 0.571407404443
163600 1.0 0.56052738058
163700 1.0 0.554851427809
163800 1.0 0.554218858091
163900 1.0 0.549349284617
164000 1.0 0.547769458848
164100 1.0 0.550717485921
164200 1.0 0.547793765003
164300 1.0 0.548609890093
164400 1.0 0.549182392536
164500 1.0 0.555930486072
164600 1.0 0.564790584273
164700 1.0 0.573330044292
164800 1.0 0.573310393818
164900 1.0 0.578269790266
165000 1.0 0.576478551137
165100 1.0 0.57502206402
165200 1.0 0.568157729158
165300 1.0 0.564693597531
165400 1.0 0.567381046446
165500 1.0 0.566869941513
165600 1.0 0.55864633073
165700 1.0 0.558892102768
165800 1.0 0.562164961577
165900 1.0 0.564517559469
166000 1.0 0.567075687885
166100 1.0 0.569758373389
166200 1.0 0.569766377322
166300 1.0 0.570426445646
166400 1.0 0.574361790644
166500 1.0 0.575563953771
166600 1.0 0.560878868101
166700 1.0 0.565790199065
166800 1.0 0.563525981481
166900 1.0 0.563107650596
167000 1.0 0.562798053843
167100 1.0 0.554074179832
167200 1.0 0.550126967525
167300 1.0 0.539323684791
167400 1.0 0.54164081523
167500 1.0 0.547564006203
167600 1.0 0.54372750423
167700 1.0 0.550498861113
167800 1.0 0.55310134532
167900 1.0 0.546362222477
168000 1.0 0.551053342223
168100 1.0 0.551201802011
168200 1.0 0.550328643136
168300 1.0 0.554025688315
168400 1.0 0.554231272245
168500 1.0 0.558632562608
168600 1.0 0.559629725071
168700 1.0 0.56746176248
168800 1.0 0.575161935537
168900 1.0 0.566253240436
169000 1.0 0.575380614858
169100 1.0 0.575307432314
169200 1.0 0.579253111537
169300 1.0 0.571092429564
169400 1.0 0.569862657735
169500 1.0 0.565978058395
169600 1.0 0.558467149273
169700 1.0 0.557742365855
169800 1.0 0.558513250739
169900 1.0 0.558210215958
170000 1.0 0.551176337836
170100 1.0 0.555330053994
170200 1.0 0.566496937714
170300 1.0 0.571226642125
170400 1.0 0.574041576207
170500 1.0 0.578943983841
170600 1.0 0.581522623836
170700 1.0 0.580602622969
170800 1.0 0.57325203831
170900 1.0 0.574797782786
171000 1.0 0.580971666948
171100 1.0 0.585170541536
171200 1.0 0.5845571914
171300 1.0 0.575070744995
171400 1.0 0.564939301278
171500 1.0 0.566515824798
171600 1.0 0.566053783748
171700 1.0 0.559966631978
171800 1.0 0.561387870377
171900 1.0 0.565424264297
172000 1.0 0.571426912853
172100 1.0 0.564361189151
172200 1.0 0.569170020951
172300 1.0 0.56849588139
172400 1.0 0.565116667783
172500 1.0 0.570870133987
172600 1.0 0.563085344356
172700 1.0 0.565821261402
172800 1.0 0.571495933375
172900 1.0 0.572123311659
173000 1.0 0.569247602043
173100 1.0 0.572699002363
173200 1.0 0.579995241561
173300 1.0 0.585056682317
173400 1.0 0.591201890203
173500 1.0 0.599720639069
173600 1.0 0.596767854724
173700 1.0 0.597944820376
173800 1.0 0.600735578477
173900 1.0 0.603672915802
174000 1.0 0.597860915803
174100 1.0 0.60103661438
174200 1.0 0.602838435448
174300 1.0 0.605168726223
174400 1.0 0.596763630976
174500 1.0 0.610128388007
174600 1.0 0.607119733387
174700 1.0 0.592235500405
174800 1.0 0.592327133922
174900 1.0 0.596069381181
175000 1.0 0.590544562537
175100 1.0 0.581208861668
175200 1.0 0.580200461804
175300 1.0 0.585788440065
175400 1.0 0.585720676364
175500 1.0 0.581622421024
175600 1.0 0.581773417573
175700 1.0 0.573950874304
175800 1.0 0.580527054259
175900 1.0 0.575308800061
176000 1.0 0.575935913204
176100 1.0 0.578728605865
176200 1.0 0.578831801996
176300 1.0 0.582644396369
176400 1.0 0.579768450113
176500 1.0 0.580541195432
176600 1.0 0.57604296748
176700 1.0 0.573138720747
176800 1.0 0.569347427583
176900 1.0 0.572643398862
177000 1.0 0.579740091851
177100 1.0 0.564177641458
177200 1.0 0.5588669717
177300 1.0 0.551054947261
177400 1.0 0.554183034671
177500 1.0 0.545781050937
177600 1.0 0.548989649517
177700 1.0 0.55253937201
177800 1.0 0.5507059996
177900 1.0 0.55636756324
178000 1.0 0.559232398687
178100 1.0 0.557992619778
178200 1.0 0.560543306338
178300 1.0 0.560897442995
178400 1.0 0.555517967439
178500 1.0 0.556827059848
178600 1.0 0.543670682616
178700 1.0 0.548663342471
178800 1.0 0.549113028909
178900 1.0 0.544288378441
179000 1.0 0.54234856432
179100 1.0 0.552729682558
179200 1.0 0.55814352989
179300 1.0 0.560143509416
179400 1.0 0.560923745783
179500 1.0 0.572678317051
179600 1.0 0.569119241646
179700 1.0 0.555276412898
179800 1.0 0.556594874142
179900 1.0 0.55321627549
180000 1.0 0.543304834504
180100 1.0 0.532170724707
180200 1.0 0.533961665362
180300 1.0 0.539590675951
180400 1.0 0.534293551753
180500 1.0 0.535497264875
180600 1.0 0.534327752848
180700 1.0 0.533570156395
180800 1.0 0.529023000626
180900 1.0 0.525987661133
181000 1.0 0.526576094611
181100 1.0 0.530680402857
181200 1.0 0.51913326843
181300 1.0 0.514002464033
181400 1.0 0.51053028197
181500 1.0 0.513456593309
181600 1.0 0.503054011751
181700 1.0 0.49809089113
181800 1.0 0.502221357765
181900 1.0 0.498651073776
182000 1.0 0.490759848351
182100 1.0 0.489525086096
182200 1.0 0.493253005419
182300 1.0 0.491577082535
182400 1.0 0.496471073554
182500 1.0 0.498403271216
182600 1.0 0.49958484088
182700 1.0 0.492112656269
182800 1.0 0.489746652964
182900 1.0 0.485177315432
183000 1.0 0.482416127863
183100 1.0 0.486335167958
183200 1.0 0.492087392387
183300 1.0 0.497740277655
183400 1.0 0.501191941202
183500 1.0 0.504168112514
183600 1.0 0.498467327131
183700 1.0 0.499392746464
183800 1.0 0.505578146503
183900 1.0 0.49928568538
184000 1.0 0.497680895813
184100 1.0 0.496183051555
184200 1.0 0.504201040329
184300 1.0 0.496111548246
184400 1.0 0.495253462778
184500 1.0 0.507974671284
184600 1.0 0.505975416685
184700 1.0 0.505135112459
184800 1.0 0.507899727158
184900 1.0 0.516107413622
185000 1.0 0.525777327499
185100 1.0 0.523009726491
185200 1.0 0.521655148261
185300 1.0 0.521951733905
185400 1.0 0.524733158417
185500 1.0 0.520335820406
185600 1.0 0.510888666935
185700 1.0 0.509088747529
185800 1.0 0.509344216743
185900 1.0 0.513825770862
186000 1.0 0.517390827243
186100 1.0 0.518314082322
186200 1.0 0.517670867935
186300 1.0 0.507741971931
186400 1.0 0.513014530883
186500 1.0 0.509058583311
186600 1.0 0.512164483969
186700 1.0 0.507525348458
186800 1.0 0.503960243723
186900 1.0 0.507220637145
187000 1.0 0.505979056418
187100 1.0 0.502995363617
187200 1.0 0.499729163804
187300 1.0 0.498226685107
187400 1.0 0.503838900799
187500 1.0 0.501924095596
187600 1.0 0.502130032271
187700 1.0 0.501804976962
187800 1.0 0.50431938452
187900 1.0 0.504114995973
188000 1.0 0.497852012504
188100 1.0 0.487608549376
188200 1.0 0.486645689701
188300 1.0 0.48752654565
188400 1.0 0.492736350807
188500 1.0 0.492177449453
188600 1.0 0.496440728458
188700 1.0 0.499737487182
188800 1.0 0.497660483631
188900 1.0 0.504938907048
189000 1.0 0.500656256496
189100 1.0 0.50405911243
189200 1.0 0.518205446441
189300 1.0 0.5090319081
189400 1.0 0.506064275365
189500 1.0 0.504641383298
189600 1.0 0.493998476713
189700 1.0 0.493457189786
189800 1.0 0.482981356767
189900 1.0 0.487550922085
190000 1.0 0.490433908558
190100 1.0 0.484151327651
190200 1.0 0.485706658345
190300 1.0 0.483527141958
190400 1.0 0.488764966433
190500 1.0 0.48871133339
190600 1.0 0.483638226302
190700 1.0 0.48978457569
190800 1.0 0.488851562687
190900 1.0 0.481316035042
191000 1.0 0.478374827698
191100 1.0 0.47940957258
191200 1.0 0.480797440094
191300 1.0 0.482565179959
191400 1.0 0.483654978591
191500 1.0 0.48449952
191600 1.0 0.477626876583
191700 1.0 0.484827005275
191800 1.0 0.481273972399
191900 1.0 0.477598791022
192000 1.0 0.481844695788
192100 1.0 0.481588425793
192200 1.0 0.482910117022
192300 1.0 0.484885010878
192400 1.0 0.484759191571
192500 1.0 0.490555922203
192600 1.0 0.492761854197
192700 1.0 0.499262745159
192800 1.0 0.506903639731
192900 1.0 0.506037867912
193000 1.0 0.504673237251
193100 1.0 0.508050214942
193200 1.0 0.512434423699
193300 1.0 0.515328044893
193400 1.0 0.519910028592
193500 1.0 0.516568981875
193600 1.0 0.513417519654
193700 1.0 0.519325871101
193800 1.0 0.516657054866
193900 1.0 0.517304455756
194000 1.0 0.51378712381
194100 1.0 0.519615719943
194200 1.0 0.518925785945
194300 1.0 0.523071697778
194400 1.0 0.524814356419
194500 1.0 0.520034640419
194600 1.0 0.520897960619
194700 1.0 0.519342683531
194800 1.0 0.520127494513
194900 1.0 0.528629477146
195000 1.0 0.53432229003
195100 1.0 0.525196110939
195200 1.0 0.529370286193
195300 1.0 0.532222198002
195400 1.0 0.537158226397
195500 1.0 0.532684553538
195600 1.0 0.528938071144
195700 1.0 0.530684372305
195800 1.0 0.531289351423
195900 1.0 0.534805575589
196000 1.0 0.526054132636
196100 1.0 0.528779026652
196200 1.0 0.524425506558
196300 1.0 0.528086794801
196400 1.0 0.525029324702
196500 1.0 0.515761504643
196600 1.0 0.515883254334
196700 1.0 0.524147731515
196800 1.0 0.529319427029
196900 1.0 0.535331293198
197000 1.0 0.534671337657
197100 1.0 0.546804515107
197200 1.0 0.541192797034
197300 1.0 0.538962719025
197400 1.0 0.53397590476
197500 1.0 0.53458242497
197600 1.0 0.533048029732
197700 1.0 0.530469964485
197800 1.0 0.527733731007
197900 1.0 0.522375194201
198000 1.0 0.520810587855
198100 1.0 0.518500686191
198200 1.0 0.52340382113
198300 1.0 0.525367798528
198400 1.0 0.517752840661
198500 1.0 0.518812597717
198600 1.0 0.52135221541
198700 1.0 0.511941459049
198800 1.0 0.512830070045
198900 1.0 0.506320282207
199000 1.0 0.504388854433
199100 1.0 0.510693011572
199200 1.0 0.505570158953
199300 1.0 0.50490599787
199400 1.0 0.505503573581
199500 1.0 0.500115579891
199600 1.0 0.50046841951
199700 1.0 0.504591453495
199800 1.0 0.506989789345
199900 1.0 0.505051870921
200000 1.0 0.507849217501
