5 100 16.0 0.000847661588306 5.22320684425e-05 3.00571509943 0 0.1 0.99472 0.995798319328 370618.734756 0 0.000847661588306
10 100 16.0 0.00116425037199 9.26983950154e-05 3.90672235927 0 0.1 0.99316 1.0 269838.2349 0 0.00116425037199
15 100 16.0 0.00222122028902 0.000330797636036 1.9947870186 0 0.1 0.99046 0.99604743083 141435.4384 0 0.00222122028902
20 100 16.0 0.034245845875 0.0117973490143 0.131249794919 0 0.1 0.96298 0.942528735632 9173.64595127 0 0.034245845875
25 100 16.0 0.14269245288 0.0302620526019 0.0357383673816 0 0.1 0.60494 0.184426229508 2201.65298877 0 0.14269245288
30 100 16.0 0.207289239112 0.0161774178229 0.0238430050303 0 0.1 0.38878 0.0481927710843 1515.55993309 0 0.207289239112
35 100 16.0 0.227519153073 0.00271745710076 0.0194364538327 0 0.1 0.27022 0.0337552742616 1380.8035988 0 0.227519153073
40 100 16.0 0.236392295417 0.00325966146715 0.019920167674 0 0.1 0.24438 0.0128205128205 1328.97421553 0 0.236392295417
45 100 16.0 0.247650264069 0.00276640312784 0.0203251524278 0 0.1 0.21956 0.0121951219512 1268.56018724 0 0.247650264069
50 100 16.0 0.275947287046 0.0100728148366 0.0213457405656 0 0.1 0.2006 0.0243902439024 1138.47564411 0 0.275947287046
55 100 16.0 0.288181843597 0.00395080101412 0.0173916377085 0 0.1 0.1621 0.0157480314961 1090.14246504 0 0.288181843597
60 100 16.0 0.299470994587 0.00444038369543 0.0175008845842 0 0.1 0.14854 0.0114942528736 1049.04739036 0 0.299470994587
65 100 16.0 0.316907847661 0.00388751430149 0.015959127495 0 0.1 0.11802 0.020325203252 991.326872079 0 0.316907847661
70 100 16.0 0.329146005143 0.00467925669381 0.0157191567151 0 0.1 0.1107 0.0357142857143 954.467805929 0 0.329146005143
75 100 16.0 0.329930767315 0.00038445337811 0.014780687783 0 0.1 0.09762 0.00425531914894 952.197541066 0 0.329930767315
80 100 16.0 0.339970874994 0.000420264548935 0.0114370403544 0 0.1 0.09054 0.015873015873 924.076997373 0 0.339970874994
85 100 16.0 0.349237007285 0.00307936695558 0.0120163736715 0 0.1 0.08708 0.0163265306122 899.558920748 0 0.349237007285
90 100 16.0 0.356086413939 0.00241334102935 0.0136018388224 0 0.1 0.0809 0.0168067226891 882.255691487 0 0.356086413939
95 100 16.0 0.36159369518 0.00164795843607 0.0144092113963 0 0.1 0.07546 0.0187265917603 868.818426723 0 0.36159369518
100 100 16.0 0.371246426945 0.00315666523633 0.0130336476169 0 0.1 0.071 0.0329218106996 846.228387824 0 0.371246426945
105 100 16.0 0.392177433659 0.00696175307114 0.0132073772214 0 0.1 0.06534 0.0330578512397 801.064106182 0 0.392177433659
110 100 16.0 0.398903768973 0.00228003473698 0.0120571339268 0 0.1 0.05598 0.0224719101124 787.556523138 0 0.398903768973
115 100 16.0 0.403671111674 0.00206739561739 0.0098360566468 0 0.1 0.05186 0.0084388185654 778.255506212 0 0.403671111674
120 100 16.0 0.407100313771 0.000686728243593 0.00878701236466 0 0.1 0.05578 0.008 771.699885095 0 0.407100313771
125 100 16.0 0.414361809682 0.0027664276059 0.00770767436091 0 0.1 0.05932 0.0243902439024 758.176207408 0 0.414361809682
