10 40 16.0 2.0818216726e-05 2.54210266467e-06 85.8111036637 0 0.1 0.9991 0.997983870968 6036237.77184 0 2.0818216726e-05
20 40 16.0 0.000138149644697 3.52755694792e-05 6.62120083461 0 0.1 0.99869 1.0 909620.190621 0 0.000138149644697
30 40 16.0 0.0403620669917 0.0128793152463 0.0220358191146 0 0.1 0.7773 0.509259259259 3113.4110691 0 0.0403620669917
40 40 16.0 0.0588723806676 0.00625275792389 0.0148634282437 0 0.1 0.58288 0.0897435897436 2134.51035475 0 0.0588723806676
50 40 16.0 0.068896349014 0.00246198555559 0.0128665882605 0 0.1 0.48332 0.0545454545455 1823.95305328 0 0.068896349014
60 40 16.0 0.086428850377 0.00781205747428 0.0124480674651 0 0.1 0.42255 0.0454545454545 1453.95554373 0 0.086428850377
70 40 16.0 0.0972358634797 0.00160569890221 0.0101983933261 0 0.1 0.35981 0.0363636363636 1292.3596464 0 0.0972358634797
80 40 16.0 0.112523785931 0.00359345301765 0.00965068653351 0 0.1 0.29787 0.0943396226415 1116.77460106 0 0.112523785931
90 40 16.0 0.117523408511 0.0014998867739 0.00639723885342 0 0.1 0.26604 0.02 1069.26532965 0 0.117523408511
100 40 16.0 0.143316441659 0.0101384772723 0.00551263956667 0 0.1 0.23582 0.0892857142857 876.826864305 0 0.143316441659
110 40 16.0 0.143316441659 0.0 0.00511435265008 0 0.1 0.18308 0.0 876.826864305 0 0.143316441659
120 40 16.0 0.151842610079 0.0025578505257 0.00659981643178 0 0.1 0.16544 0.02 827.591847102 0 0.151842610079
130 40 16.0 0.165314840559 0.000786391624003 0.00705512849589 0 0.1 0.13257 0.0434782608696 760.147762409 0 0.165314840559
140 40 16.0 0.175676415045 0.00409893919004 0.00569596773602 0 0.1 0.12721 0.0344827586207 715.313470571 0 0.175676415045
150 40 16.0 0.182162741828 0.0 0.00491336592842 0 0.1 0.09712 0.0178571428571 689.843075937 0 0.182162741828
160 40 16.0 0.200272074092 0.00742665817797 0.0040555261466 0 0.1 0.08054 0.03125 627.46494594 0 0.200272074092
170 40 16.0 0.204491957747 0.00193379362694 0.00410757100134 0 0.1 0.06787 0.0166666666667 614.51661732 0 0.204491957747
180 40 16.0 0.212570384251 0.00112793954225 0.0042020763269 0 0.1 0.05716 0.0555555555556 591.162812197 0 0.212570384251
190 40 16.0 0.213498977378 0.0 0.00524559096063 0 0.1 0.05404 0.0135135135135 588.591606792 0 0.213498977378
200 40 16.0 0.217944289797 0.00156350325499 0.00619289208805 0 0.1 0.05189 0.0227272727273 576.586366454 0 0.217944289797
210 40 16.0 0.217944289797 0.0 0.00422380412006 0 0.1 0.04871 0.0 576.586366454 0 0.217944289797
220 40 16.0 0.223657816433 0.00279904497787 0.00327274737831 0 0.1 0.04616 0.00854700854701 561.856983796 0 0.223657816433
230 40 16.0 0.233734870866 2.77555756156e-17 0.00452615826553 0 0.1 0.03364 0.0121951219512 537.633540422 0 0.233734870866
240 40 16.0 0.234716149355 0.000480726318941 0.00361010433502 0 0.1 0.03203 0.00892857142857 535.385854313 0 0.234716149355
250 40 16.0 0.234716149355 0.0 0.00411380551544 0 0.1 0.03351 0.0 535.385854313 0 0.234716149355
260 40 16.0 0.240678868609 0.00145046063669 0.0035198302632 0 0.1 0.03053 0.0189873417722 522.121891588 0 0.240678868609
270 40 16.0 0.246962700187 0.00195740756158 0.00462049512072 0 0.1 0.02834 0.0112994350282 508.836784052 0 0.246962700187
280 40 16.0 0.260213437637 0.00132374061998 0.00380056527091 0 0.1 0.0201 0.0126582278481 482.925506403 0 0.260213437637
290 40 16.0 0.265309558269 0.00197805510092 0.00332835616389 0 0.1 0.01607 0.0121212121212 473.649373823 0 0.265309558269
300 40 16.0 0.273971786786 0.00419440752206 0.00316906897642 0 0.1 0.01509 0.0138888888889 458.673893461 0 0.273971786786
310 40 16.0 0.275505087215 0.000766650214465 0.00265739317082 0 0.1 0.01303 0.00555555555556 456.121182422 0 0.275505087215
320 40 16.0 0.283199869253 0.00204912635599 0.00349696892362 0 0.1 0.0111 0.0135746606335 443.72798079 0 0.283199869253
330 40 16.0 0.290974837281 0.00349675211856 0.00374711207016 0 0.1 0.01034 0.0132158590308 431.871385574 0 0.290974837281
340 40 16.0 0.291465527128 0.000196275938767 0.00373907636015 0 0.1 0.00892 0.00414937759336 431.144318788 0 0.291465527128
350 40 16.0 0.291486624495 9.66802807094e-06 0.00304512238537 0 0.1 0.00835 0.00387596899225 431.113113205 0 0.291486624495
360 40 16.0 0.300411991158 0.00338097399202 0.00245498811928 0 0.1 0.00875 0.00996677740864 418.30456121 0 0.300411991158
370 40 16.0 0.303771972496 0.00100799440137 0.00259574403292 0 0.1 0.00618 0.00341296928328 413.677750159 0 0.303771972496
380 40 16.0 0.30579363112 0.000990406412508 0.0032352609645 0 0.1 0.00679 0.00287356321839 410.94284954 0 0.30579363112
390 40 16.0 0.308986217245 0.000967654594094 0.00322724014114 0 0.1 0.00644 0.00514138817481 406.696801119 0 0.308986217245
400 40 16.0 0.314059044292 0.0016839089048 0.00291704547294 0 0.1 0.00747 0.00793650793651 400.127646146 0 0.314059044292
410 40 16.0 0.317828480032 0.001567518324 0.00244158891499 0 0.1 0.00698 0.00722891566265 395.382144894 0 0.317828480032
420 40 16.0 0.319147718746 0.000469060382901 0.0028592614685 0 0.1 0.00776 0.00461893764434 393.747781238 0 0.319147718746
430 40 16.0 0.327629056047 0.00219090067103 0.00178429881638 0 0.1 0.00812 0.0149572649573 383.554827706 0 0.327629056047
440 40 16.0 0.329422179233 0.000295101435001 0.00205313112941 0 0.1 0.00963 0.00890868596882 381.467047653 0 0.329422179233
450 40 16.0 0.337016326698 0.00342557776938 0.00177891704599 0 0.1 0.00977 0.00902934537246 372.871271178 0 0.337016326698
460 40 16.0 0.352174800419 0.00458588033147 0.000687228636071 0 0.1 0.01077 0.0123456790123 356.821970209 0 0.352174800419
470 40 16.0 0.35971888388 0.00118012844328 0.000365051200768 0 0.1 0.01009 0.00801603206413 349.338641297 0 0.35971888388
480 40 16.0 0.35971888388 0.0 0.000895546262082 0 0.1 0.01172 0.0 349.338641297 0 0.35971888388
490 40 16.0 0.369356278332 0.00314186582713 0.00024584379312 0 0.1 0.01533 0.00773694390716 340.223555184 0 0.369356278332
500 40 16.0 0.38398552978 0.00575425015678 2.15229491233e-05 0 0.1 0.01318 0.0120967741935 327.261566902 0 0.38398552978
510 40 16.0 0.388347422689 0.00198879611621 8.76651869559e-06 0 0.1 0.01348 0.00623700623701 323.585786339 0 0.388347422689
520 40 16.0 0.388347422689 0.0 6.46261799403e-05 0 0.1 0.01635 0.0 323.585786339 0 0.388347422689
530 40 16.0 0.39395316911 0.00218707820717 0.000339486610317 0 0.1 0.02077 0.0080971659919 318.98133077 0 0.39395316911
540 40 16.0 0.398514375564 0.0012138790725 8.43825282263e-06 0 0.1 0.02333 0.01171875 315.330421809 0 0.398514375564
550 40 16.0 0.402235755967 0.00173346474957 8.95719059087e-06 0 0.1 0.02243 0.0060120240481 312.413066913 0 0.402235755967
560 40 16.0 0.405161205288 0.000900408713532 0.000262667276917 0 0.1 0.02732 0.00994035785288 310.157301596 0 0.405161205288
570 40 16.0 0.41295570671 0.00216653022557 0.000278881945393 0 0.1 0.03204 0.0122699386503 304.303110725 0 0.41295570671
580 40 16.0 0.417391678353 0.00103116239744 0.000235497010142 0 0.1 0.03259 0.0141414141414 301.069026195 0 0.417391678353
590 40 16.0 0.418378510587 0.000259618162612 0.000198992140809 0 0.1 0.03649 0.0062893081761 300.358892638 0 0.418378510587
600 40 16.0 0.425584299545 0.0030269998279 7.36520844402e-06 0 0.1 0.04106 0.0161290322581 295.273360126 0 0.425584299545
610 40 16.0 0.429791105637 0.00153965137687 2.08122079638e-06 0 0.1 0.04318 0.0175438596491 292.383217092 0 0.429791105637
620 40 16.0 0.43146855207 0.000811138523521 0.000245653726909 0 0.1 0.04444 0.0102249488753 291.246501143 0 0.43146855207
630 40 16.0 0.437920083293 0.00232320566911 1.28767319825e-06 0 0.1 0.04888 0.0204498977505 286.955796132 0 0.437920083293
640 40 16.0 0.443873146055 0.00106163186778 1.53315185931e-06 0 0.1 0.04596 0.0176125244618 283.107250935 0 0.443873146055
650 40 16.0 0.445497568179 0.000676432241449 0.000243652587228 0 0.1 0.04758 0.00796812749004 282.074954207 0 0.445497568179
660 40 16.0 0.449673926677 0.000443163172164 0.000243862922426 0 0.1 0.05119 0.0100806451613 279.455175603 0 0.449673926677
670 40 16.0 0.452629511533 0.00107953357017 0.000223450654452 0 0.1 0.05327 0.0137795275591 277.630386313 0 0.452629511533
680 40 16.0 0.455740095206 0.00110898361213 0.000467666063722 0 0.1 0.04963 0.0167714884696 275.735462966 0 0.455740095206
690 40 16.0 0.456106448055 0.000138306118161 6.85290467372e-07 0 0.1 0.05964 0.00934579439252 275.513987315 0 0.456325049157
700 40 16.0 0.45804039596 0.0006171775675 0.000235252167934 0 0.1 0.06804 0.0231578947368 274.350706296 0 0.45804039596
710 40 16.0 0.459734429398 0.000404075452546 1.24587096585e-06 0 0.1 0.07378 0.0137795275591 273.339776419 0 0.459734429398
720 40 16.0 0.461329845841 0.00057915724539 1.84881138028e-06 0 0.1 0.08084 0.0210325047801 272.394485803 0 0.461329845841
730 40 16.0 0.463046257583 0.000467680054685 6.51257342118e-07 0 0.1 0.0907 0.0155945419103 271.384778703 0 0.463046257583
740 40 16.0 0.464125679734 0.000417297824785 5.94350207195e-07 0 0.1 0.0978 0.0137254901961 270.753616166 0 0.464127962723
750 40 16.0 0.467345311137 0.0010216596605 5.75431445882e-07 0 0.1 0.09545 0.0197628458498 268.888342622 0 0.467379663939
760 40 16.0 0.467949565387 0.000201194285632 3.0178461514e-07 0 0.1 0.09848 0.0197238658777 268.54113229 0 0.468111568993
770 40 16.0 0.469065569898 0.000338480091205 2.71577977774e-07 0 0.1 0.10913 0.0204081632653 267.902217105 0 0.469065569898
780 40 16.0 0.469663061147 0.00024496208695 2.69456128791e-07 0 0.1 0.11364 0.0134357005758 267.561399947 0 0.469663061147
790 40 16.0 0.470650706354 0.000443071021355 2.96015596744e-07 0 0.1 0.13298 0.0255905511811 266.999931047 0 0.470744006826
800 40 16.0 0.472850813393 0.000917868318298 7.0026103357e-07 0 0.1 0.12524 0.0245398773006 265.757618649 0 0.473056721558
810 40 16.0 0.473159868712 6.00457170272e-05 0.000227390823091 0 0.1 0.13135 0.0202839756592 265.58403291 0 0.473212389799
820 40 16.0 0.473451391641 0.000242247554522 2.25486295681e-07 0 0.1 0.15029 0.0318091451292 265.420502215 0 0.473572756326
830 40 16.0 0.472951908545 0.000277564699142 0.000230854050273 0 0.1 0.16593 0.0402298850575 265.700812013 0 0.473809437153
840 40 16.0 0.473664324115 0.00018494362223 4.57658900243e-07 0 0.1 0.19067 0.03125 265.30118429 0 0.473809437153
850 40 16.0 0.473706348195 0.000125355992204 1.94026668742e-07 0 0.1 0.20924 0.0242914979757 265.277648532 0 0.473809437153
860 40 16.0 0.474813402172 0.000433079028265 2.4774169313e-07 0 0.1 0.21508 0.0437375745527 264.659138872 0 0.475246940842
870 40 16.0 0.475671449283 0.000281733421993 4.35963101667e-07 0 0.1 0.23001 0.0463709677419 264.181729497 0 0.475671449283
880 40 16.0 0.476999202267 0.000601035510298 1.4776242523e-07 0 0.1 0.23032 0.0462962962963 263.446365416 0 0.477341657194
890 40 16.0 0.478340218665 0.000484084999466 1.85763945999e-07 0 0.1 0.22128 0.0685714285714 262.707799261 0 0.478585701892
900 40 16.0 0.477553590654 0.000259682169644 3.94794437122e-08 0 0.1 0.24514 0.0570866141732 263.140532503 0 0.478585701892
910 40 16.0 0.477956723304 0.00028370125843 1.04201628674e-07 0 0.1 0.28025 0.0576540755467 262.918586593 0 0.478585701892
920 40 16.0 0.477337516184 0.000266876446728 7.21370705558e-08 0 0.1 0.29732 0.0727650727651 263.259647279 0 0.478585701892
930 40 16.0 0.477856500318 0.000194084138887 1.11197549985e-07 0 0.1 0.33802 0.0694980694981 262.973729686 0 0.478585701892
940 40 16.0 0.4774558077 0.000409031569196 1.03832050645e-07 0 0.1 0.35013 0.0834845735027 263.194423687 0 0.478585701892
950 40 16.0 0.476911756239 0.000376276211222 1.68634484428e-07 0 0.1 0.39472 0.0912476722533 263.494670659 0 0.478585701892
960 40 16.0 0.477240291422 0.000411755405597 8.32510329952e-08 0 0.1 0.44315 0.0944444444444 263.31327929 0 0.478585701892
970 40 16.0 0.478055189165 0.000303673228351 1.26725249563e-07 0 0.1 0.38527 0.116054158607 262.864432793 0 0.478995695625
980 40 16.0 0.478612802206 0.000207158507677 7.20784265749e-08 0 0.1 0.42469 0.113805970149 262.558179732 0 0.478995695625
990 40 16.0 0.479548788348 0.000209824014854 3.80317352813e-08 0 0.1 0.33438 0.0942028985507 262.045717135 0 0.479989310185
1000 40 16.0 0.478219556836 0.000385189009091 5.37777753397e-08 0 0.1 0.40617 0.14913957935 262.774084303 0 0.479989310185
1010 40 32.0 0.479440307411 0.000248013720379 1.11654357072e-07 0 0.1 0.37667 0.125693160813 262.105009114 0 0.48046619181
1020 40 32.0 0.480690586578 0.000570538188235 1.29028542072e-07 0 0.1 0.35908 0.116788321168 261.423272376 0 0.481224338771
1030 40 32.0 0.481078877202 0.000329680631713 3.50047904237e-08 0 0.1 0.36628 0.13123844732 261.212271207 0 0.481475086054
1040 40 32.0 0.481191481335 0.000231220330824 4.59306738683e-08 0 0.1 0.3645 0.127272727273 261.151144644 0 0.481943118642
1050 40 32.0 0.481441803181 0.000186005071153 2.84572063454e-08 0 0.1 0.4247 0.121153846154 261.015361178 0 0.481943118642
1060 40 32.0 0.482612971717 0.000458791164168 2.2256595281e-08 0 0.1 0.35366 0.161410018553 260.381948907 0 0.482736760427
1070 40 32.0 0.483008834572 0.000284706949754 1.72181033244e-08 0 0.1 0.30111 0.162544169611 260.168545892 0 0.483607017936
1080 40 32.0 0.482170868928 0.000331726049551 3.44686165692e-08 0 0.1 0.40043 0.196750902527 260.620693289 0 0.483607017936
1090 40 32.0 0.481963753084 0.000225213608698 5.10009085708e-08 0 0.1 0.36936 0.232142857143 260.732690663 0 0.483607017936
1100 40 32.0 0.481704025451 0.000251700717874 5.58677254641e-08 0 0.1 0.41461 0.214788732394 260.873273845 0 0.483607017936
1110 40 32.0 0.481967851167 0.000210240780796 5.33006462474e-08 0 0.1 0.37123 0.228873239437 260.730473701 0 0.483607017936
1120 40 32.0 0.482467551681 0.000352126758549 1.69281568792e-08 0 0.1 0.37427 0.236842105263 260.460430356 0 0.483607017936
1130 40 32.0 0.48171911224 0.000256473269408 3.95066850765e-08 0 0.1 0.4198 0.300643086817 260.865103648 0 0.483607017936
1140 40 32.0 0.482097698773 0.000257348254623 3.07541781653e-08 0 0.1 0.43339 0.338487972509 260.660248874 0 0.483607017936
1150 40 32.0 0.481696603336 0.000333891593972 3.26655462802e-08 0 0.1 0.39641 0.365159128978 260.877293452 0 0.483607017936
1160 40 32.0 0.48280349434 0.000370551419266 5.77016276585e-08 0 0.1 0.41994 0.394568690096 260.279197679 0 0.483607017936
1170 40 32.0 0.481996995825 0.000301395981539 6.35413960133e-08 0 0.1 0.35598 0.372611464968 260.714708249 0 0.483607017936
1180 40 32.0 0.483073923234 0.000444715451178 1.91836871314e-08 0 0.1 0.36289 0.397058823529 260.133491169 0 0.483607017936
1190 40 32.0 0.481588919184 0.000540741470709 2.70412603555e-08 0 0.1 0.42824 0.453996983409 260.935626086 0 0.483607017936
1200 40 32.0 0.482514576791 0.000288912025111 2.4985357121e-08 0 0.1 0.43983 0.452012383901 260.435046293 0 0.483607017936
1210 40 32.0 0.482823702021 0.000388161587729 3.1307722535e-08 0 0.1 0.35895 0.386687797147 260.268304181 0 0.483607017936
1220 40 32.0 0.482218899953 0.000190278046437 1.0217627067e-08 0 0.1 0.40466 0.439509954058 260.594734375 0 0.483607017936
1230 40 32.0 0.48227553014 0.000261440728682 4.04001838056e-08 0 0.1 0.37711 0.399006622517 260.564134587 0 0.483607017936
1240 40 32.0 0.48214466305 0.000355573733444 2.81432561896e-08 0 0.1 0.38086 0.445652173913 260.634858734 0 0.483607017936
1250 40 32.0 0.481757606463 0.00046820110578 2.03737578124e-08 0 0.1 0.42494 0.40490797546 260.844259556 0 0.483607017936
1260 40 32.0 0.48165335731 0.000237708370374 4.49581792443e-08 0 0.1 0.43403 0.363636363636 260.900716742 0 0.483607017936
1270 40 32.0 0.482643997806 0.000290607076032 3.47582948443e-08 0 0.1 0.41182 0.406885758998 260.36521062 0 0.483607017936
1280 40 32.0 0.482406868777 0.000239184445471 9.77734825784e-09 0 0.1 0.34182 0.362126245847 260.493194183 0 0.483607017936
1290 40 32.0 0.483199100758 0.000472545973453 1.76839920029e-08 0 0.1 0.36773 0.41512345679 260.066101006 0 0.483607017936
1300 40 32.0 0.481463341812 0.00042102113377 6.29635769633e-08 0 0.1 0.41743 0.390804597701 261.003684456 0 0.483607017936
1310 40 32.0 0.481696313292 0.000272669364822 3.50533191012e-08 0 0.1 0.42594 0.403149606299 260.877450535 0 0.483607017936
1320 40 32.0 0.482153653273 0.000181099560856 7.14334980479e-08 0 0.1 0.38224 0.434991974318 260.629998945 0 0.483607017936
1330 40 32.0 0.482269423052 0.000231417583747 2.86844758987e-08 0 0.1 0.37552 0.326923076923 260.56743417 0 0.483607017936
1340 40 32.0 0.482555313113 0.000221403071913 2.31440990998e-08 0 0.1 0.42341 0.4 260.413060905 0 0.483607017936
1350 40 32.0 0.482596740508 0.000150594424799 1.89940026395e-08 0 0.1 0.37118 0.354391371341 260.390706351 0 0.483607017936
1360 40 32.0 0.482679656862 0.000301866604001 9.634059799e-09 0 0.1 0.40485 0.370139968896 260.345975549 0 0.483607017936
1370 40 32.0 0.481489423657 0.000458069375026 3.69702180999e-08 0 0.1 0.40804 0.427701674277 260.989546124 0 0.483607017936
1380 40 32.0 0.482684311547 0.000283801842459 5.40989451016e-08 0 0.1 0.38442 0.364615384615 260.343464947 0 0.483607017936
1390 40 32.0 0.481492135236 0.000428057233436 3.18597294172e-08 0 0.1 0.41464 0.501519756839 260.988076331 0 0.483607017936
1400 40 32.0 0.482544913043 0.00045574224367 5.00594262896e-08 0 0.1 0.3752 0.423948220065 260.418673469 0 0.483607017936
1410 40 32.0 0.482173847041 0.000226849705479 3.06111962995e-08 0 0.1 0.4053 0.411764705882 260.619083583 0 0.483607017936
1420 40 32.0 0.481330658285 0.0002466400315 2.21526341695e-08 0 0.1 0.42112 0.406451612903 261.075632687 0 0.483607017936
1430 40 32.0 0.482161939696 0.000349785762614 2.39885439244e-08 0 0.1 0.37164 0.38255033557 260.625519764 0 0.483607017936
1440 40 32.0 0.481897621408 0.000350055818148 3.95367810559e-08 0 0.1 0.40396 0.362711864407 260.768471479 0 0.483607017936
1450 40 32.0 0.482001469149 0.000193595718353 2.66892882676e-08 0 0.1 0.37609 0.402457757296 260.712288627 0 0.483607017936
1460 40 32.0 0.481812144784 0.000206997170205 4.52881692832e-08 0 0.1 0.39555 0.352848101266 260.81473351 0 0.483607017936
1470 40 32.0 0.481482852673 0.000457561439135 9.75753841887e-08 0 0.1 0.47397 0.4265625 260.993107949 0 0.483607017936
1480 40 32.0 0.482262625228 0.000267538580398 5.14042011795e-08 0 0.1 0.40225 0.383012820513 260.571107048 0 0.483607017936
1490 40 32.0 0.481312672079 0.000256362323452 5.37708919289e-08 0 0.1 0.38892 0.413354531002 261.08538884 0 0.483607017936
1500 40 32.0 0.482545281611 0.00042540779337 6.72691249131e-08 0 0.1 0.42433 0.421585160202 260.418474561 0 0.483607017936
1510 40 32.0 0.482213406103 0.000181577718187 2.68549532003e-08 0 0.1 0.3488 0.351260504202 260.597703326 0 0.483607017936
1520 40 32.0 0.481945796882 0.000106942913359 4.727866243e-08 0 0.1 0.40824 0.419871794872 260.742404969 0 0.483607017936
1530 40 32.0 0.482291681579 0.000449034281652 2.75244689988e-08 0 0.1 0.39851 0.34219269103 260.55540857 0 0.483607017936
1540 40 32.0 0.482546428261 0.000238954067507 1.05964971018e-08 0 0.1 0.40104 0.390048154093 260.417855742 0 0.483607017936
1550 40 32.0 0.4820216235 0.000253859920634 5.47974791668e-08 0 0.1 0.35623 0.371473354232 260.701387691 0 0.483607017936
1560 40 32.0 0.482520280325 0.000275418242712 3.01376382566e-08 0 0.1 0.39862 0.468606431853 260.431967873 0 0.483607017936
1570 40 32.0 0.482235539407 0.000426632527652 2.11998971204e-08 0 0.1 0.397 0.426100628931 260.585742598 0 0.483607017936
1580 40 32.0 0.482241922158 0.000238775385867 3.59952521965e-08 0 0.1 0.46929 0.38808373591 260.582293595 0 0.483607017936
1590 40 32.0 0.481949053765 0.000158387324994 3.1994106031e-08 0 0.1 0.44866 0.416024653313 260.740642941 0 0.483607017936
1600 40 32.0 0.482216157281 0.000180922347358 4.4381183201e-08 0 0.1 0.4142 0.405537459283 260.596216544 0 0.483607017936
