94.3750126918,476.566926981,29.2675984286,0.0
412.049040679,415.88208977,29.2675984286,0.0
350.22066038,246.028094682,29.2675984286,0.0
475.318186393,189.431234485,29.2675984286,0.0
132.069757204,39.052055165,29.2675984286,0.0
@ 1 10 0.01 0.0513279315873
396.630624368,192.48625875,31.8046908141,0.0
326.104037503,197.054961504,31.8046908141,0.0
98.1652093988,286.755149747,31.8046908141,0.0
432.515289668,104.09519472,31.8046908141,0.0
349.430858264,427.77653732,31.8046908141,0.0
@ 2 10 0.02 0.0606124647032
342.103865669,394.312025496,31.4936728634,0.0
164.626578676,283.845795671,31.4936728634,0.0
182.000958494,348.425697533,31.4936728634,0.0
115.382510125,156.796527828,31.4936728634,0.0
292.899672815,81.2180543067,31.4936728634,0.0
@ 3 10 0.04 0.059432802874
362.288072827,328.180426945,31.7655646148,0.0
431.074620373,182.823544938,31.7655646148,0.0
184.741905311,204.525037584,31.7655646148,0.0
457.48160715,366.52727607,31.7655646148,0.0
94.7674840309,215.490609312,31.7655646148,0.0
@ 4 10 0.08 0.060463425264
406.689851464,42.4344583733,33.8872395582,0.0
66.4590739664,471.101371755,33.8872395582,0.0
432.298301068,436.984051009,33.8872395582,0.0
137.858852964,473.505027211,33.8872395582,0.0
352.327631124,213.831594003,33.8872395582,0.0
@ 5 10 0.2 0.0688100659155
157.427262369,357.888225122,36.3153849964,0.0
343.341841388,199.25246358,36.3153849964,0.0
237.74099955,286.456531837,36.3153849964,0.0
426.944113892,263.716874747,36.3153849964,0.0
208.800565987,436.925693621,36.3153849964,0.0
@ 6 10 0.4 0.0790243429562
216.350719425,83.3829637447,42.3898350233,0.0
287.208783603,419.06877571,42.3898350233,0.0
432.749718928,199.964150442,42.3898350233,0.0
122.309786276,258.526591894,42.3898350233,0.0
391.501278803,374.410967162,42.3898350233,0.0
@ 7 10 0.8 0.107672064663
261.636857649,81.1432472462,49.9660367297,0.0
85.6355836492,219.05651111,49.9660367297,0.0
333.178591496,313.824688177,49.9660367297,0.0
221.876780453,241.200355108,49.9660367297,0.0
145.475734976,327.899637626,49.9660367297,0.0
@ 8 10 2.0 0.14959924234
87.636377027,322.200138418,62.0774102114,0.0
407.883835435,390.539958627,62.0774102114,0.0
245.22784792,367.171194606,62.0774102114,0.0
170.444709857,180.455841532,62.0774102114,0.0
364.955069066,114.286189545,62.0774102114,0.0
@ 9 10 4.0 0.230912141563
381.042785459,195.630976964,83.5528259969,0.0
119.319755623,385.676901506,83.5528259969,0.0
89.7788475504,193.0540227,83.5528259969,0.0
238.962168689,107.058888651,83.5528259969,0.0
292.241990558,405.991069373,83.5528259969,0.0
@ 10 10 8.0 0.418313495016
337.076532557,100.179178182,96.5216192763,0.0
257.693118876,412.602704858,96.5216192763,0.0
102.552465571,291.190679459,96.5216192763,0.0
114.130439901,97.4370835095,96.5216192763,0.0
411.764484051,286.486250973,96.5216192763,0.0
@ 11 10 16.0 0.558250070458
