10 5 0.0873362445415 0.207985432836 0.0482360554148 0.0 0 0.1 0.43307 0.417102966841 75.5242796855 0
20 5 0.0873362445415 0.230831925318 0.0521488967631 0.0 0 0.1 0.38749 0.372413793103 68.0492959471 0
30 5 0.0873362445415 0.208489254769 0.0391014444612 0.0 0 0.1 0.42366 0.421140939597 75.3417724927 0
40 5 0.0873362445415 0.203410019967 0.0494990425513 0.0 0 0.1 0.41526 0.419410745234 77.2230886291 0
50 5 0.0940354648039 0.235433070757 0.0482257120296 0.0 0 0.1 0.38865 0.372262773723 66.7193863185 0
60 5 0.0940354648039 0.191462959469 0.0454859265193 0.0 0 0.1 0.43243 0.389170896785 82.0417173306 0
70 5 0.0940354648039 0.211146501069 0.0459785672509 0.0 0 0.1 0.40962 0.413043478261 74.3936078526 0
80 5 0.0940354648039 0.235736597667 0.0494844410103 0.0 0 0.1 0.39543 0.423588039867 66.6334805688 0
90 5 0.101847810272 0.208186265941 0.0502901698852 0.0 0 0.1 0.41774 0.369911504425 75.4514229312 0
100 5 0.101847810272 0.271815558237 0.0612048040825 0.0 0 0.1 0.38374 0.42287694974 57.7890025939 0
110 5 0.101847810272 0.228897388337 0.0540570116679 0.0 0 0.1 0.41299 0.37216828479 68.6244177537 0
120 5 0.101847810272 0.256634804861 0.0585307949097 0.0 0 0.1 0.40904 0.438003220612 61.2074032924 0
130 5 0.111075848937 0.16142731544 0.0596281147264 0.0 0 0.1 0.37377 0.40034965035 97.3066420463 0
140 5 0.111075848937 0.189001283569 0.0553270842257 0.0 0 0.1 0.42832 0.357781753131 83.110282128 0
150 5 0.111075848937 0.289030154887 0.0491849856299 0.0 0 0.1 0.39589 0.395730706076 54.3470974719 0
160 5 0.111075848937 0.258283263469 0.051675021946 0.0 0 0.1 0.45114 0.432786885246 60.8167551742 0
170 5 0.122142732507 0.24822368323 0.0391921236117 0.0 0 0.1 0.3927 0.345901639344 63.2814314718 0
