482.763139774,279.224854579,26.7965346787,0.0
132.062857596,451.274138354,26.7965346787,0.0
214.93316126,190.470150718,26.7965346787,0.0
102.513074586,317.841062681,26.7965346787,0.0
351.477448427,154.847911177,26.7965346787,0.0
@ 1 10 0.01 0.0430265830338
44.1556723034,392.986919786,26.8275879825,0.0
188.381941874,423.909487954,26.8275879825,0.0
429.713290824,213.532697997,26.8275879825,0.0
315.441426404,270.106832606,26.8275879825,0.0
207.373444392,181.533679834,26.8275879825,0.0
@ 2 10 0.02 0.043126363976
354.201133385,99.2323809192,27.9663869635,0.0
173.746169554,99.4876900325,27.9663869635,0.0
364.687223998,330.63837209,27.9663869635,0.0
88.5835953591,423.264203143,27.9663869635,0.0
330.145611793,482.739693333,27.9663869635,0.0
@ 3 10 0.04 0.0468653984114
354.921822973,448.65566515,28.837556633,0.0
369.669961443,377.578935385,28.837556633,0.0
232.361887403,368.555995644,28.837556633,0.0
312.024032162,323.708357795,28.837556633,0.0
458.482105403,192.097102355,28.837556633,0.0
@ 4 10 0.08 0.0498306450513
77.7411560655,263.418947986,30.9848101559,0.0
43.6559682019,445.826281499,30.9848101559,0.0
431.930291554,346.710913383,30.9848101559,0.0
465.33224134,287.585125577,30.9848101559,0.0
310.531088287,359.767905066,30.9848101559,0.0
@ 5 10 0.2 0.0575277339668
282.750586223,343.156313637,34.3658281964,0.0
473.686791341,446.321226554,34.3658281964,0.0
58.2496444392,91.7393782566,34.3658281964,0.0
125.280299877,205.721802057,34.3658281964,0.0
211.854753155,239.055646063,34.3658281964,0.0
@ 6 10 0.4 0.0707673963483
193.155035926,217.721067555,41.0191354887,0.0
117.644319452,69.0865218954,41.0191354887,0.0
72.1452192839,289.213276183,41.0191354887,0.0
348.092358439,288.927122738,41.0191354887,0.0
369.913648181,186.779798257,41.0191354887,0.0
@ 7 10 0.8 0.10082136995
103.741279607,330.500063495,48.4998496946,0.0
386.65793801,264.921460421,48.4998496946,0.0
177.950463903,401.796751257,48.4998496946,0.0
312.24987112,116.985440045,48.4998496946,0.0
198.690913103,235.198390355,48.4998496946,0.0
@ 8 10 2.0 0.140948472488
