130.504106765,425.861538814,68.1236161158,0.0
234.448280905,145.948279116,68.1236161158,0.0
368.294872697,308.407415015,68.1236161158,0.0
104.252183916,213.545451732,68.1236161158,0.0
418.09270545,135.801381722,68.1236161158,0.0
@ 10 10 0.0873362445415 0.278083342043
343.467162371,306.81728419,66.0469495071,0.0
259.318717973,153.719705384,66.0469495071,0.0
259.85895397,432.574260033,66.0469495071,0.0
105.263828263,304.171063845,66.0469495071,0.0
433.865783259,187.89466774,66.0469495071,0.0
@ 20 10 0.0873362445415 0.261387681014
82.3690618765,174.266124942,62.8902653067,0.0
409.394111363,63.679212312,62.8902653067,0.0
241.590850799,324.819799079,62.8902653067,0.0
108.849250057,332.08238506,62.8902653067,0.0
292.062980292,125.628139301,62.8902653067,0.0
@ 30 10 0.0873362445415 0.236998960911
108.986341523,451.179359144,59.9347695556,0.0
297.512864268,376.982424607,59.9347695556,0.0
354.481784289,70.4010679804,59.9347695556,0.0
342.489417825,228.091393083,59.9347695556,0.0
119.859703712,67.2349091616,59.9347695556,0.0
@ 40 10 0.0873362445415 0.21524707966
89.2478950707,133.494171795,71.9148788672,0.0
129.761272005,426.344819411,71.9148788672,0.0
248.56130703,112.905302041,71.9148788672,0.0
405.802832597,170.336329736,71.9148788672,0.0
311.001217647,298.449672173,71.9148788672,0.0
@ 50 10 0.0873362445415 0.309896802177
360.420410858,110.095564909,60.6498865071,0.0
270.258962551,341.150693962,60.6498865071,0.0
155.080221982,280.735079114,60.6498865071,0.0
383.661703955,291.953494072,60.6498865071,0.0
381.029368809,428.276355695,60.6498865071,0.0
@ 60 10 0.0873362445415 0.220414201594
