1 3.0 0.103307335278
2 3.0 0.106574814293
3 3.0 0.10983216898
4 3.0 0.111451786495
5 3.0 0.114962213896
6 3.0 0.116914823842
7 3.0 0.118562289245
8 3.0 0.121664209464
9 3.0 0.124883581262
10 3.0 0.126441140267
11 3.0 0.130292072236
12 3.0 0.132893015947
13 3.0 0.135643429241
14 3.0 0.139650233943
15 3.0 0.143057019837
16 3.0 0.14686473727
17 3.0 0.149582792675
18 3.0 0.15285513886
19 3.0 0.155094120928
20 3.0 0.157816080624
21 3.0 0.163090404888
22 3.0 0.166887810553
23 3.0 0.169213487958
24 3.0 0.17174616605
25 3.0 0.175468493571
26 3.0 0.17793083022
27 3.0 0.17967170295
28 3.0 0.185322001277
29 3.0 0.193030294414
30 3.0 0.193754134055
31 3.0 0.197513960886
32 3.0 0.202760310757
33 3.0 0.20554128366
34 3.0 0.209580527753
35 3.0 0.209930263438
36 3.0 0.212823930227
37 3.0 0.216792505268
38 3.0 0.217501268631
39 3.0 0.218446849622
40 3.0 0.218421894831
41 3.0 0.221194899733
42 3.0 0.221178611013
43 3.0 0.223124342392
44 3.0 0.224536666406
45 3.0 0.231520807742
46 3.0 0.236390927727
47 3.0 0.241647756301
48 3.0 0.241690163434
49 3.0 0.245763323178
50 3.0 0.253099216135
51 3.0 0.253678538733
52 3.0 0.253765471777
53 3.0 0.251788088924
54 3.0 0.257537944285
55 3.0 0.267541130971
56 3.0 0.270617185013
57 3.0 0.276157257391
58 3.0 0.281536836887
59 3.0 0.28135193975
60 3.0 0.289336947482
61 3.0 0.286393019445
62 3.0 0.292745628598
63 3.0 0.294712376366
64 3.0 0.297844518106
65 3.0 0.301973714883
66 3.0 0.304304882453
67 3.0 0.306713863671
68 3.0 0.306980852584
69 3.0 0.309978917529
70 3.0 0.310290904336
71 3.0 0.313994998642
72 3.0 0.316744269335
73 3.0 0.315212737811
74 3.0 0.316092239881
75 3.0 0.323973406163
76 3.0 0.324755740288
77 3.0 0.33110547286
78 3.0 0.33665161458
79 3.0 0.338903169102
80 3.0 0.339332552958
81 3.0 0.343042901776
82 3.0 0.348488306534
83 3.0 0.348043808761
84 3.0 0.349155935036
85 3.0 0.357464474143
86 3.0 0.364222169625
87 3.0 0.372938369058
88 3.0 0.369224464071
89 3.0 0.375184845749
90 3.0 0.382872434009
91 3.0 0.386573915312
92 3.0 0.389876803338
93 3.0 0.395143395558
94 3.0 0.390470519548
95 3.0 0.393827095022
96 3.0 0.398269549653
97 3.0 0.397636730243
98 3.0 0.398621536149
99 3.0 0.400369955472
100 3.0 0.406367991107
101 3.0 0.411171812166
102 3.0 0.413939300636
103 3.0 0.416177559824
104 3.0 0.41870822635
105 3.0 0.425610859017
106 3.0 0.431347429322
107 3.0 0.443721658737
108 3.0 0.455231441398
109 3.0 0.4540957393
110 3.0 0.449687544019
111 3.0 0.450443065701
112 3.0 0.453842343105
113 3.0 0.467227310763
114 3.0 0.472881121085
115 3.0 0.475458162208
116 3.0 0.481170763553
117 3.0 0.489323181705
118 3.0 0.499037783046
119 3.0 0.502664268535
120 3.0 0.508906891067
121 3.0 0.508836595488
122 3.0 0.513426383704
123 3.0 0.517471408606
124 3.0 0.517649221386
125 3.0 0.510019444226
126 3.0 0.509287798871
127 3.0 0.510434252018
128 3.0 0.509876380735
129 3.0 0.50585503815
130 3.0 0.50613674898
131 3.0 0.513813340767
132 3.0 0.522512661442
133 3.0 0.520571961234
134 3.0 0.522585072511
135 3.0 0.530178711441
136 3.0 0.536476227213
137 3.0 0.542005051469
138 3.0 0.548289462113
139 3.0 0.550586125616
140 3.0 0.556461703856
141 3.0 0.558988825625
142 3.0 0.571263754944
143 3.0 0.575812816681
144 3.0 0.575455511247
145 3.0 0.586821432417
146 3.0 0.595001946523
147 3.0 0.604631566702
148 3.0 0.600909313242
149 3.0 0.600799127899
150 3.0 0.60038913594
151 3.0 0.594023060317
152 3.0 0.592380462305
153 3.0 0.597079477018
154 3.0 0.598710451642
155 3.0 0.598328080534
156 3.0 0.601415447874
157 3.0 0.594608819498
158 3.0 0.600089117669
159 3.0 0.603895032683
160 3.0 0.596240720258
161 3.0 0.600262565958
162 3.0 0.604181141056
163 3.0 0.606776283661
164 3.0 0.611422184627
165 3.0 0.616168655896
166 3.0 0.616060321188
167 3.0 0.615999458006
168 3.0 0.620017284747
169 3.0 0.63530429437
170 3.0 0.635136842609
171 3.0 0.629639446394
172 3.0 0.634271330907
173 3.0 0.643870106103
174 3.0 0.640314664294
175 3.0 0.646160676558
176 3.0 0.639635649973
177 3.0 0.640819212405
178 3.0 0.637779663352
179 3.0 0.643439949291
180 3.0 0.639594916295
181 3.0 0.635793877387
182 3.0 0.639392653251
183 3.0 0.625627418675
184 3.0 0.620202982508
185 3.0 0.621002073079
186 3.0 0.619548443215
187 3.0 0.627628559062
188 3.0 0.624599068731
189 3.0 0.623958486178
190 3.0 0.623794630653
191 3.0 0.62278844327
192 3.0 0.626329473652
193 3.0 0.63200163696
194 3.0 0.621672933386
195 3.0 0.620009819877
196 3.0 0.601981528823
197 3.0 0.609235262695
198 3.0 0.610209721989
199 3.0 0.60288822288
200 3.0 0.607969199688
201 3.0 0.613685860551
202 3.0 0.609416485055
203 3.0 0.608367443735
204 3.0 0.601873833713
205 3.0 0.597571527699
206 3.0 0.591558760373
207 3.0 0.594240838332
208 3.0 0.594076909301
209 3.0 0.593312945304
210 3.0 0.590581339575
211 3.0 0.595482710027
212 3.0 0.598623399531
213 3.0 0.611368654322
214 3.0 0.614542268481
215 3.0 0.619970473598
216 3.0 0.614466803186
217 3.0 0.619950352943
218 3.0 0.615258155932
219 3.0 0.622373272134
220 3.0 0.612250728851
221 3.0 0.619617368693
222 3.0 0.619167540331
223 3.0 0.607652588563
224 3.0 0.598128307836
225 3.0 0.608068394537
226 3.0 0.607272903959
227 3.0 0.609587408847
228 3.0 0.613943297079
229 3.0 0.612984277352
230 3.0 0.612443053699
231 3.0 0.615479927939
232 3.0 0.615593525384
233 3.0 0.60547522384
234 3.0 0.611645466292
235 3.0 0.616333297427
236 3.0 0.609776138997
237 3.0 0.609447369833
238 3.0 0.620594708467
239 3.0 0.623111920992
240 3.0 0.626230966288
241 3.0 0.616374933096
242 3.0 0.611962916249
243 3.0 0.609607541528
244 3.0 0.608069159307
245 3.0 0.617284662876
246 3.0 0.616005813821
247 3.0 0.612891632694
248 3.0 0.618658544183
249 3.0 0.624233123681
250 3.0 0.626207413832
251 3.0 0.616073745955
252 3.0 0.624130026989
253 3.0 0.631127900342
254 3.0 0.626274508149
255 3.0 0.625787262558
256 3.0 0.630627967268
257 3.0 0.628042763763
258 3.0 0.634806700417
259 3.0 0.637952986353
260 3.0 0.640149407597
261 3.0 0.629570056475
262 3.0 0.635855977205
263 3.0 0.629878990586
264 3.0 0.626080343764
265 3.0 0.622037890551
266 3.0 0.618258803867
267 3.0 0.623411396882
268 3.0 0.626337927372
269 3.0 0.626239728381
270 3.0 0.619814828385
271 3.0 0.624930076421
272 3.0 0.624745040099
273 3.0 0.630669609419
274 3.0 0.62489246097
275 3.0 0.621031257646
276 3.0 0.62103120497
277 3.0 0.616186851154
278 3.0 0.622903921282
279 3.0 0.619851471617
280 3.0 0.6159550706
281 3.0 0.62180143878
282 3.0 0.618923424582
283 3.0 0.622212171547
284 3.0 0.619699178488
285 3.0 0.624523715771
286 3.0 0.627560709949
287 3.0 0.628817340452
288 3.0 0.630322555414
289 3.0 0.628779314402
290 3.0 0.62302957378
291 3.0 0.627848438836
292 3.0 0.618725069466
293 3.0 0.616591375131
