141.632581028,108.451714736,20.0817283468,0.0
340.169974049,467.82980149,20.0817283468,0.0
405.139275601,62.7632500988,20.0817283468,0.0
151.644303497,37.6077816303,20.0817283468,0.0
81.5629087811,173.990556022,20.0817283468,0.0
379.448412719,234.241561569,20.0817283468,0.0
198.59275553,71.7487492121,20.0817283468,0.0
312.206802583,313.696697725,20.0817283468,0.0
137.09633973,311.560398172,20.0817283468,0.0
89.7824017788,111.999826506,20.0817283468,0.0
193.066550261,378.744147814,20.0817283468,0.0
254.208019804,304.8147974,20.0817283468,0.0
439.901150115,35.3835668115,20.0817283468,0.0
326.400345966,354.584024053,20.0817283468,0.0
153.534897579,393.475308879,20.0817283468,0.0
305.60489924,240.286538412,20.0817283468,0.0
99.1189888162,370.814288945,20.0817283468,0.0
116.006314838,273.476472882,20.0817283468,0.0
246.617532819,258.73012873,20.0817283468,0.0
260.26577275,476.079565117,20.0817283468,0.0
83.9870941498,460.280006202,20.0817283468,0.0
@ 10 10 0.1 0.101491823253
484.313841266,192.739459107,20.2169183254,0.0
409.989789876,352.992055579,20.2169183254,0.0
173.685328677,427.656783454,20.2169183254,0.0
414.400091532,244.407541423,20.2169183254,0.0
190.61289629,43.8044198408,20.2169183254,0.0
478.535840272,119.966714702,20.2169183254,0.0
181.878221187,480.016570071,20.2169183254,0.0
422.947406447,422.725413552,20.2169183254,0.0
205.51690223,165.559892198,20.2169183254,0.0
128.775436562,102.632532263,20.2169183254,0.0
390.449581209,114.28841898,20.2169183254,0.0
455.823470817,274.119406189,20.2169183254,0.0
72.9983571415,83.8840488292,20.2169183254,0.0
298.627888477,301.014420361,20.2169183254,0.0
207.31810266,302.29341482,20.2169183254,0.0
54.6372295183,365.89800088,20.2169183254,0.0
160.560780574,241.702307902,20.2169183254,0.0
111.847551299,335.338348348,20.2169183254,0.0
282.978930111,403.73423758,20.2169183254,0.0
74.1958738776,317.164551354,20.2169183254,0.0
135.066332558,40.2146640703,20.2169183254,0.0
@ 20 10 0.1 0.102862906548
118.252744197,191.180077613,20.4060174431,0.0
211.852049956,60.318638483,20.4060174431,0.0
369.88619175,156.634908813,20.4060174431,0.0
130.746315091,387.766313024,20.4060174431,0.0
35.2703727866,266.541973466,20.4060174431,0.0
491.578998413,47.3244505549,20.4060174431,0.0
212.455478575,239.622986223,20.4060174431,0.0
102.125092012,236.388632818,20.4060174431,0.0
243.166893553,100.852494547,20.4060174431,0.0
458.388182162,408.231082084,20.4060174431,0.0
294.599872909,283.092216578,20.4060174431,0.0
127.274896823,97.3772948911,20.4060174431,0.0
440.785821765,370.925002266,20.4060174431,0.0
219.963588445,458.590110829,20.4060174431,0.0
110.992191302,31.6117103425,20.4060174431,0.0
293.004798098,325.297884174,20.4060174431,0.0
483.977599463,451.605536997,20.4060174431,0.0
423.246263243,95.2535844921,20.4060174431,0.0
460.410291142,135.881898136,20.4060174431,0.0
158.320579576,24.272588828,20.4060174431,0.0
299.567543804,387.654711684,20.4060174431,0.0
@ 30 10 0.1 0.104796163975
381.878773116,463.905935294,20.4398244845,0.0
23.1501328804,107.941850729,20.4398244845,0.0
67.4110807958,29.2766540349,20.4398244845,0.0
403.860959031,179.442312735,20.4398244845,0.0
489.070342511,457.592896665,20.4398244845,0.0
313.963988889,350.531214366,20.4398244845,0.0
38.3062944849,223.280505341,20.4398244845,0.0
163.701726291,207.715063635,20.4398244845,0.0
328.10037949,291.865286054,20.4398244845,0.0
67.8122675705,124.109573668,20.4398244845,0.0
362.609096418,174.495615219,20.4398244845,0.0
122.68255965,28.8092469464,20.4398244845,0.0
29.6526705428,303.05129616,20.4398244845,0.0
297.980641039,429.819101041,20.4398244845,0.0
489.851066899,336.014843517,20.4398244845,0.0
78.5089639061,263.357689266,20.4398244845,0.0
440.917483048,305.879597012,20.4398244845,0.0
435.416588796,388.999163588,20.4398244845,0.0
27.3778367439,456.413746351,20.4398244845,0.0
198.655871465,416.317172475,20.4398244845,0.0
229.660217018,114.178444816,20.4398244845,0.0
@ 40 10 0.1 0.105143687249
48.9013424252,278.263790372,20.0900806813,0.0
226.647394286,29.6609606985,20.0900806813,0.0
133.588575787,266.387659229,20.0900806813,0.0
75.4732870738,119.798124472,20.0900806813,0.0
321.55275547,441.417449383,20.0900806813,0.0
247.142228104,254.7996713,20.0900806813,0.0
485.685095888,464.140091666,20.0900806813,0.0
437.643875775,165.64662401,20.0900806813,0.0
418.357279982,447.990150938,20.0900806813,0.0
151.91157849,190.618652574,20.0900806813,0.0
491.08548337,69.0740047611,20.0900806813,0.0
258.420077183,80.1852398109,20.0900806813,0.0
292.845761831,202.543158965,20.0900806813,0.0
259.01848082,297.574613965,20.0900806813,0.0
278.721857576,164.615657612,20.0900806813,0.0
93.9090020211,489.686340523,20.0900806813,0.0
437.500805941,311.306144614,20.0900806813,0.0
288.825314788,379.175982831,20.0900806813,0.0
467.50416729,238.791847839,20.0900806813,0.0
313.685840307,62.8455454028,20.0900806813,0.0
410.518740607,121.368305386,20.0900806813,0.0
@ 50 10 0.1 0.101576265182
483.164056087,410.475451494,19.9027983904,0.0
57.7686157062,356.496548627,19.9027983904,0.0
118.560254206,286.198012138,19.9027983904,0.0
335.070614444,177.190085569,19.9027983904,0.0
365.407357156,49.9635875531,19.9027983904,0.0
137.021533234,194.578921738,19.9027983904,0.0
303.205845524,137.335328026,19.9027983904,0.0
178.557940729,65.1713359093,19.9027983904,0.0
423.821663234,44.481928877,19.9027983904,0.0
468.252584639,81.9474851632,19.9027983904,0.0
31.2380275869,92.9741978221,19.9027983904,0.0
418.569297254,475.513840109,19.9027983904,0.0
457.710988854,445.200740485,19.9027983904,0.0
491.908044212,135.226714412,19.9027983904,0.0
491.99462241,481.859908349,19.9027983904,0.0
250.860955924,483.198931473,19.9027983904,0.0
70.2797097524,214.404770709,19.9027983904,0.0
57.319072326,144.864798242,19.9027983904,0.0
483.626693183,186.211689836,19.9027983904,0.0
218.433124293,278.687985469,19.9027983904,0.0
119.567933739,393.312339173,19.9027983904,0.0
@ 60 10 0.1 0.0996912786051
107.990281993,258.47906195,20.373832905,0.0
348.600331442,72.044893147,20.373832905,0.0
96.9719165595,196.591672339,20.373832905,0.0
76.2513236441,104.786892195,20.373832905,0.0
134.422334331,313.302153987,20.373832905,0.0
223.510493357,55.8598339766,20.373832905,0.0
33.6079619529,99.9205272072,20.373832905,0.0
456.179227054,53.8217807252,20.373832905,0.0
166.808172599,73.6803551024,20.373832905,0.0
161.625103812,179.824909622,20.373832905,0.0
316.920068916,471.926836832,20.373832905,0.0
224.559421889,285.096529555,20.373832905,0.0
175.369754194,115.580876896,20.373832905,0.0
322.081135155,320.120887219,20.373832905,0.0
104.500453709,371.958126743,20.373832905,0.0
21.2081308485,480.828486624,20.373832905,0.0
38.1684299371,200.756783284,20.373832905,0.0
478.33839888,200.031317646,20.373832905,0.0
434.587646387,166.401946907,20.373832905,0.0
313.899305253,247.457890655,20.373832905,0.0
234.306684271,228.505729855,20.373832905,0.0
@ 70 10 0.1 0.104465853925
387.806768022,279.600907744,20.0405647541,0.0
192.035074711,216.557208943,20.0405647541,0.0
329.077562245,321.164710824,20.0405647541,0.0
223.487633619,343.56893546,20.0405647541,0.0
248.906250706,485.97456537,20.0405647541,0.0
98.123500054,230.048240955,20.0405647541,0.0
477.724843872,437.120111604,20.0405647541,0.0
198.693857485,129.029750847,20.0405647541,0.0
470.286362148,29.4258651426,20.0405647541,0.0
416.266563226,428.334145881,20.0405647541,0.0
279.351410597,429.645254677,20.0405647541,0.0
457.768814701,289.100200417,20.0405647541,0.0
140.441031309,353.271655933,20.0405647541,0.0
225.349134591,412.968912998,20.0405647541,0.0
308.134681546,271.718033874,20.0405647541,0.0
272.342913829,389.161381308,20.0405647541,0.0
125.121223461,469.752848338,20.0405647541,0.0
31.705877491,445.05371947,20.0405647541,0.0
60.3818137826,91.9897221633,20.0405647541,0.0
100.57743845,416.556331345,20.0405647541,0.0
489.075476441,251.858998005,20.0405647541,0.0
@ 80 10 0.1 0.101076173144
399.982911942,368.635143851,20.1197583986,0.0
161.378146576,358.643760884,20.1197583986,0.0
244.464408049,458.166709787,20.1197583986,0.0
310.486667898,171.635180409,20.1197583986,0.0
21.6379455103,182.495533375,20.1197583986,0.0
210.039325808,189.78688083,20.1197583986,0.0
321.865603376,303.400168185,20.1197583986,0.0
251.552516652,254.813330271,20.1197583986,0.0
443.440883061,400.571836643,20.1197583986,0.0
452.769886951,264.283032053,20.1197583986,0.0
365.324938524,455.714260966,20.1197583986,0.0
240.868748723,345.015838073,20.1197583986,0.0
348.054273688,70.3274901706,20.1197583986,0.0
415.559670239,153.339265204,20.1197583986,0.0
451.091778797,71.3647311664,20.1197583986,0.0
383.714953786,38.1377971302,20.1197583986,0.0
198.627131622,385.790759087,20.1197583986,0.0
118.723081264,225.827630932,20.1197583986,0.0
87.0834823956,349.162322469,20.1197583986,0.0
313.850753932,421.696277737,20.1197583986,0.0
203.32264615,270.428623996,20.1197583986,0.0
@ 90 10 0.1 0.101876590334
278.929099157,63.802001522,20.2089983093,0.0
463.792720759,405.348853444,20.2089983093,0.0
317.080653126,454.929397377,20.2089983093,0.0
190.830504103,392.868715284,20.2089983093,0.0
360.50233871,152.566381654,20.2089983093,0.0
378.595212448,411.024519079,20.2089983093,0.0
349.143634856,195.131957836,20.2089983093,0.0
89.2242704152,438.25167406,20.2089983093,0.0
416.254093422,275.122622157,20.2089983093,0.0
170.210704412,470.091495038,20.2089983093,0.0
408.527210682,59.9886855896,20.2089983093,0.0
67.7307070979,96.4154214699,20.2089983093,0.0
239.097919337,104.88403723,20.2089983093,0.0
28.8048534723,64.6885492518,20.2089983093,0.0
367.190789667,51.2157405202,20.2089983093,0.0
21.7341532003,435.975963782,20.2089983093,0.0
408.288031737,151.468675361,20.2089983093,0.0
29.6924451232,322.792009452,20.2089983093,0.0
220.776294802,281.4982728,20.2089983093,0.0
484.479254965,202.44329382,20.2089983093,0.0
24.2339039884,483.675683905,20.2089983093,0.0
@ 100 10 0.1 0.102782328857
325.640849919,57.7405126029,20.5024256941,0.0
446.255946281,254.843742061,20.5024256941,0.0
237.331380867,169.332260136,20.5024256941,0.0
143.960740985,32.4450342283,20.5024256941,0.0
337.544541226,477.102650233,20.5024256941,0.0
344.241566428,126.02619143,20.5024256941,0.0
428.745143034,376.553134339,20.5024256941,0.0
428.548044393,213.918587235,20.5024256941,0.0
491.429866026,29.2373531457,20.5024256941,0.0
316.962198071,161.055858863,20.5024256941,0.0
50.3098830532,478.456464232,20.5024256941,0.0
382.93270189,371.323392099,20.5024256941,0.0
434.045884565,129.962231149,20.5024256941,0.0
78.5582993975,368.751490221,20.5024256941,0.0
477.8577421,156.271118519,20.5024256941,0.0
132.275164182,413.69682727,20.5024256941,0.0
422.411294509,88.9880595566,20.5024256941,0.0
156.854995142,491.259561886,20.5024256941,0.0
260.69094163,323.126579307,20.5024256941,0.0
241.203194406,93.9573930783,20.5024256941,0.0
421.58383781,472.375803949,20.5024256941,0.0
@ 110 10 0.2 0.105788722295
235.150075844,66.8065452893,21.1004759783,0.0
130.880371818,35.8152431137,21.1004759783,0.0
74.5597607869,213.941801321,21.1004759783,0.0
257.936028645,22.8198850896,21.1004759783,0.0
108.717664753,103.381436828,21.1004759783,0.0
411.730538182,194.381079281,21.1004759783,0.0
371.939083148,38.075266013,21.1004759783,0.0
207.952053705,487.419668604,21.1004759783,0.0
214.304552002,387.619315892,21.1004759783,0.0
339.34317408,229.029780592,21.1004759783,0.0
153.748924587,179.966397664,21.1004759783,0.0
254.266685168,368.589616716,21.1004759783,0.0
105.437843411,446.736066048,21.1004759783,0.0
416.982793113,389.576827197,21.1004759783,0.0
164.066057209,69.9520788142,21.1004759783,0.0
137.14184361,350.332298415,21.1004759783,0.0
27.8903732762,123.277486322,21.1004759783,0.0
354.148433499,167.309958024,21.1004759783,0.0
39.6356606347,312.42044485,21.1004759783,0.0
196.627588918,316.198632259,21.1004759783,0.0
213.717792354,241.733334414,21.1004759783,0.0
@ 120 10 0.2 0.112050392674
357.82269963,298.304890341,21.2758329988,0.0
140.769638393,80.599960582,21.2758329988,0.0
77.7518120985,380.316064842,21.2758329988,0.0
285.134673807,248.84622354,21.2758329988,0.0
339.385227015,209.684484678,21.2758329988,0.0
190.103772085,254.897942121,21.2758329988,0.0
139.235632113,302.84006283,21.2758329988,0.0
42.9987713934,197.172537311,21.2758329988,0.0
241.903862306,32.1318409751,21.2758329988,0.0
77.5410908996,164.946518083,21.2758329988,0.0
385.367467895,419.039969691,21.2758329988,0.0
297.287917204,21.8304715026,21.2758329988,0.0
415.330141194,111.837744556,21.2758329988,0.0
256.045264286,372.429703285,21.2758329988,0.0
432.894474356,411.459177227,21.2758329988,0.0
454.802106177,282.294419227,21.2758329988,0.0
194.253657476,81.78294788,21.2758329988,0.0
444.900301754,458.306235895,21.2758329988,0.0
229.482424281,272.672771555,21.2758329988,0.0
120.739664209,391.883809397,21.2758329988,0.0
184.722249563,21.9958159649,21.2758329988,0.0
@ 130 10 0.2 0.113920537168
41.8268597192,453.984318311,22.1328744282,0.0
49.1209186066,337.833680639,22.1328744282,0.0
164.891079252,435.274121888,22.1328744282,0.0
236.266803744,481.735800981,22.1328744282,0.0
368.15431967,198.659091201,22.1328744282,0.0
151.991559425,67.5345868078,22.1328744282,0.0
277.375309073,292.405952417,22.1328744282,0.0
300.097874946,221.919335494,22.1328744282,0.0
130.387143233,224.223557349,22.1328744282,0.0
482.335039643,418.701532872,22.1328744282,0.0
113.034936974,389.826677273,22.1328744282,0.0
216.206529198,403.353976871,22.1328744282,0.0
119.122474811,486.495780228,22.1328744282,0.0
255.656387718,174.823897711,22.1328744282,0.0
169.248818509,374.851430558,22.1328744282,0.0
397.85053528,319.116213235,22.1328744282,0.0
435.501043248,414.71868916,22.1328744282,0.0
294.016789574,90.827487191,22.1328744282,0.0
463.298420966,280.186314704,22.1328744282,0.0
121.486226117,142.587454334,22.1328744282,0.0
309.407516845,433.943222646,22.1328744282,0.0
@ 140 10 0.2 0.123283376028
403.794747119,174.381794816,22.1029466493,0.0
25.6899888926,472.155318802,22.1029466493,0.0
148.800199609,251.313956584,22.1029466493,0.0
205.505846702,413.765296066,22.1029466493,0.0
261.872511719,456.524080899,22.1029466493,0.0
55.7832552132,391.86533948,22.1029466493,0.0
419.837218868,357.736520714,22.1029466493,0.0
288.744239684,93.8341369569,22.1029466493,0.0
116.645253371,136.849179091,22.1029466493,0.0
86.4130004935,48.6825348343,22.1029466493,0.0
131.103413811,430.576586242,22.1029466493,0.0
320.590137543,188.495826722,22.1029466493,0.0
427.123615156,134.141736986,22.1029466493,0.0
49.7926463211,331.122925339,22.1029466493,0.0
448.624200646,90.5407879575,22.1029466493,0.0
358.840146283,51.4016113284,22.1029466493,0.0
157.284146249,164.393911344,22.1029466493,0.0
482.737590235,23.5132660343,22.1029466493,0.0
483.785421448,373.440181308,22.1029466493,0.0
322.238543839,267.321942868,22.1029466493,0.0
337.073930972,127.493940158,22.1029466493,0.0
@ 150 10 0.2 0.122950197153
142.628629493,93.9941927911,22.5745786924,0.0
449.716309378,30.7877146192,22.5745786924,0.0
213.701347088,90.3410291988,22.5745786924,0.0
297.046284806,90.4462344802,22.5745786924,0.0
35.0770974808,429.3335631,22.5745786924,0.0
452.58201809,101.118819527,22.5745786924,0.0
237.25543046,218.561387491,22.5745786924,0.0
142.664806086,330.646637675,22.5745786924,0.0
337.129866092,463.781775977,22.5745786924,0.0
294.476556101,366.899978803,22.5745786924,0.0
127.066723365,439.336469881,22.5745786924,0.0
246.005822883,333.550533253,22.5745786924,0.0
63.2550395217,148.616454297,22.5745786924,0.0
184.412265977,44.4427150356,22.5745786924,0.0
106.634501905,58.4935434021,22.5745786924,0.0
397.670417403,464.470580103,22.5745786924,0.0
321.373831431,166.342062487,22.5745786924,0.0
368.599127293,108.832285196,22.5745786924,0.0
97.2871125607,323.084878536,22.5745786924,0.0
32.9861121941,207.276941812,22.5745786924,0.0
434.49998712,240.287350683,22.5745786924,0.0
@ 160 10 0.2 0.128253193063
322.543070564,482.481094079,24.1597523231,0.0
211.123699349,361.338929505,24.1597523231,0.0
54.677855301,52.2479707442,24.1597523231,0.0
456.748170261,180.510943677,24.1597523231,0.0
157.653576306,331.212403034,24.1597523231,0.0
223.328069321,98.8866643237,24.1597523231,0.0
297.56963279,52.3819200271,24.1597523231,0.0
328.891153318,256.574631033,24.1597523231,0.0
200.703641573,300.164175547,24.1597523231,0.0
468.825037362,116.808163014,24.1597523231,0.0
393.339213571,418.98258258,24.1597523231,0.0
429.148061231,85.029374069,24.1597523231,0.0
125.549944035,418.023797114,24.1597523231,0.0
406.638156125,211.708228062,24.1597523231,0.0
281.772496571,152.769327195,24.1597523231,0.0
255.62604631,283.6413463,24.1597523231,0.0
424.496921035,286.108017697,24.1597523231,0.0
460.863390353,422.754451361,24.1597523231,0.0
81.8454222932,221.474184637,24.1597523231,0.0
103.218792524,91.3123941576,24.1597523231,0.0
309.697750884,201.033884945,24.1597523231,0.0
@ 170 10 0.2 0.146897306995
302.995908474,484.25957273,25.2212273917,0.0
39.0916416026,187.918054422,25.2212273917,0.0
450.191072785,289.060200591,25.2212273917,0.0
277.457362714,424.180748424,25.2212273917,0.0
367.151082348,268.647635435,25.2212273917,0.0
223.222568333,284.848750931,25.2212273917,0.0
136.233793017,254.147751331,25.2212273917,0.0
264.262656329,214.842834355,25.2212273917,0.0
267.797512628,143.686042082,25.2212273917,0.0
170.416713908,399.210166403,25.2212273917,0.0
252.023664127,358.241543397,25.2212273917,0.0
345.64188137,164.533338113,25.2212273917,0.0
473.295504238,429.541948404,25.2212273917,0.0
150.108294954,460.406574115,25.2212273917,0.0
203.542307074,107.681795005,25.2212273917,0.0
43.7625377029,339.381687628,25.2212273917,0.0
127.532809252,345.415179309,25.2212273917,0.0
382.116030453,423.041072487,25.2212273917,0.0
425.260119084,239.86578988,25.2212273917,0.0
335.116407399,444.892894923,25.2212273917,0.0
370.571606982,95.1889399843,25.2212273917,0.0
@ 180 10 0.2 0.160088934479
204.439945775,156.11437855,26.4025834269,0.0
355.116510203,143.280769105,26.4025834269,0.0
402.321497167,50.857663943,26.4025834269,0.0
470.158268891,403.161887825,26.4025834269,0.0
62.344294329,28.2884140625,26.4025834269,0.0
61.4296024698,194.56751571,26.4025834269,0.0
346.185326019,454.529642567,26.4025834269,0.0
256.139549161,283.724933708,26.4025834269,0.0
105.332563348,478.221651677,26.4025834269,0.0
66.0304150753,401.507100003,26.4025834269,0.0
249.012978045,386.210852903,26.4025834269,0.0
379.296046485,209.473636564,26.4025834269,0.0
224.204971976,229.661401742,26.4025834269,0.0
298.029124843,341.646357,26.4025834269,0.0
196.315985026,456.203692668,26.4025834269,0.0
46.3995424338,308.806363694,26.4025834269,0.0
396.422953846,386.300086878,26.4025834269,0.0
119.654922808,353.452009532,26.4025834269,0.0
321.614560085,91.2622479404,26.4025834269,0.0
301.67691224,228.048833843,26.4025834269,0.0
288.925817311,158.749269231,26.4025834269,0.0
@ 190 10 0.2 0.175437215543
179.873467859,354.864435153,26.6688431588,0.0
211.900628083,193.393561715,26.6688431588,0.0
250.357911987,48.1793433386,26.6688431588,0.0
107.35778308,154.54039046,26.6688431588,0.0
104.952631409,427.250217227,26.6688431588,0.0
483.474354966,279.550949154,26.6688431588,0.0
373.123093739,442.313429025,26.6688431588,0.0
113.69590629,69.5404615732,26.6688431588,0.0
228.337801099,135.278183604,26.6688431588,0.0
286.282096753,137.133357829,26.6688431588,0.0
250.186844505,301.490895947,26.6688431588,0.0
269.363284636,391.662206299,26.6688431588,0.0
168.06436456,293.586426379,26.6688431588,0.0
293.676164128,266.759081974,26.6688431588,0.0
92.9411929415,300.455399256,26.6688431588,0.0
166.06718034,469.134535495,26.6688431588,0.0
442.782768433,74.6758029215,26.6688431588,0.0
179.043774192,46.5236455082,26.6688431588,0.0
351.361777383,59.4119590207,26.6688431588,0.0
454.877243565,429.590132631,26.6688431588,0.0
286.213334036,468.883871096,26.6688431588,0.0
@ 200 10 0.2 0.178993488855
72.5180847037,293.689959915,28.4241072908,0.0
337.374920552,267.646951319,28.4241072908,0.0
152.35608432,241.826676451,28.4241072908,0.0
164.688414133,439.113298665,28.4241072908,0.0
459.572480919,150.539680702,28.4241072908,0.0
110.958359852,189.028331522,28.4241072908,0.0
454.471153817,471.05007459,28.4241072908,0.0
262.75967666,69.2898313249,28.4241072908,0.0
95.9030944801,388.12624524,28.4241072908,0.0
51.6580136177,468.15419702,28.4241072908,0.0
191.065754926,74.4106692054,28.4241072908,0.0
325.660022884,468.058077196,28.4241072908,0.0
166.556096917,160.714614013,28.4241072908,0.0
256.964419079,303.400458093,28.4241072908,0.0
428.021738003,409.874226724,28.4241072908,0.0
388.6390475,358.993594139,28.4241072908,0.0
276.985516621,144.372555632,28.4241072908,0.0
455.711356467,84.7575590668,28.4241072908,0.0
36.7506566339,42.7614095537,28.4241072908,0.0
469.570961785,208.134751019,28.4241072908,0.0
37.8271874214,142.327987148,28.4241072908,0.0
@ 210 10 0.4 0.203330508248
290.979553915,277.881334777,30.8662533016,0.0
419.82099742,246.310872143,30.8662533016,0.0
249.385678518,369.258005585,30.8662533016,0.0
244.732616311,159.601751616,30.8662533016,0.0
239.356697458,52.2872304589,30.8662533016,0.0
445.908895678,387.716699587,30.8662533016,0.0
171.239389786,144.960341477,30.8662533016,0.0
370.102107373,87.5852821074,30.8662533016,0.0
67.1912394843,310.803146313,30.8662533016,0.0
123.267457537,406.030434825,30.8662533016,0.0
390.549073729,317.890217435,30.8662533016,0.0
329.134670053,352.506329541,30.8662533016,0.0
227.371765688,436.178876791,30.8662533016,0.0
222.471806879,243.316948636,30.8662533016,0.0
310.583502936,68.1657269162,30.8662533016,0.0
71.1077145381,107.523921578,30.8662533016,0.0
135.74508103,311.209924077,30.8662533016,0.0
109.82738369,470.283653466,30.8662533016,0.0
120.987847833,205.991494414,30.8662533016,0.0
460.791260273,145.752856821,30.8662533016,0.0
434.178732015,40.919841898,30.8662533016,0.0
@ 220 10 0.4 0.239771030815
114.892379558,202.654198715,32.8401431996,0.0
60.1613135396,353.622570755,32.8401431996,0.0
182.522825881,178.387272695,32.8401431996,0.0
360.778230852,317.705815881,32.8401431996,0.0
75.8188667633,448.770360815,32.8401431996,0.0
465.395033045,281.970730389,32.8401431996,0.0
246.197523823,373.554092171,32.8401431996,0.0
243.673789916,154.025860977,32.8401431996,0.0
322.802392928,387.75904316,32.8401431996,0.0
69.7496527629,59.6467310433,32.8401431996,0.0
138.263173114,37.3252878228,32.8401431996,0.0
421.597637309,450.701204003,32.8401431996,0.0
247.368964761,439.779571391,32.8401431996,0.0
219.046708646,312.14945016,32.8401431996,0.0
401.363516501,49.3390725751,32.8401431996,0.0
427.744729741,150.859573918,32.8401431996,0.0
176.191590618,260.918823194,32.8401431996,0.0
247.03261068,41.4895177146,32.8401431996,0.0
169.500321621,443.278230477,32.8401431996,0.0
53.8067258568,135.473221167,32.8401431996,0.0
45.6489834923,258.384609081,32.8401431996,0.0
@ 230 10 0.4 0.271418198145
388.154348196,424.916005322,34.136919778,0.0
153.400087209,451.767629201,34.136919778,0.0
391.060689167,218.931387056,34.136919778,0.0
110.373695684,210.311211658,34.136919778,0.0
468.842301312,328.034402019,34.136919778,0.0
218.883157839,62.7192867766,34.136919778,0.0
474.34623004,109.678661609,34.136919778,0.0
57.8760637761,471.956850921,34.136919778,0.0
304.91637351,55.6289595696,34.136919778,0.0
188.842393061,244.36845247,34.136919778,0.0
224.160540826,473.962842532,34.136919778,0.0
44.0367557,290.8409041,34.136919778,0.0
470.495895373,241.421376395,34.136919778,0.0
47.3928236732,77.2714213966,34.136919778,0.0
240.007738058,290.282573698,34.136919778,0.0
180.59159688,332.881060706,34.136919778,0.0
165.742088202,132.570365705,34.136919778,0.0
360.725794342,345.631006968,34.136919778,0.0
277.15512833,185.699163862,34.136919778,0.0
104.843325451,400.923018776,34.136919778,0.0
333.000951594,118.525464112,34.136919778,0.0
@ 240 10 0.4 0.293276687068
149.658582401,205.366666026,34.9377714129,0.0
169.042971115,469.247727623,34.9377714129,0.0
304.620280507,420.882296038,34.9377714129,0.0
65.4054508314,258.924461084,34.9377714129,0.0
207.840354289,396.099093212,34.9377714129,0.0
202.78675472,271.720221704,34.9377714129,0.0
363.665530234,353.606918889,34.9377714129,0.0
246.083573861,125.384203636,34.9377714129,0.0
127.487333816,387.342335051,34.9377714129,0.0
35.7228900104,127.583451548,34.9377714129,0.0
409.450512406,257.889258385,34.9377714129,0.0
410.463985726,412.379005121,34.9377714129,0.0
163.448739555,110.333905818,34.9377714129,0.0
70.1723535473,475.049869118,34.9377714129,0.0
324.47310904,273.829189974,34.9377714129,0.0
359.353883935,469.478676915,34.9377714129,0.0
337.169113131,200.223408491,34.9377714129,0.0
473.25969882,220.717676136,34.9377714129,0.0
299.874742658,70.8232068881,34.9377714129,0.0
470.109315024,454.165890151,34.9377714129,0.0
471.183285912,45.0495938072,34.9377714129,0.0
@ 250 10 0.4 0.307198631538
313.079245685,332.386675721,36.6555465585,0.0
172.663665556,62.9314503942,36.6555465585,0.0
440.829690103,363.757684661,36.6555465585,0.0
89.4933083086,157.309620932,36.6555465585,0.0
384.007299283,446.126393607,36.6555465585,0.0
140.820690976,289.550597686,36.6555465585,0.0
72.1613611016,317.958935481,36.6555465585,0.0
405.104101109,290.711654443,36.6555465585,0.0
181.550145971,207.829715272,36.6555465585,0.0
392.471113936,57.2995511174,36.6555465585,0.0
104.086004239,398.329589112,36.6555465585,0.0
345.638668933,238.789264703,36.6555465585,0.0
51.9699651004,452.242322837,36.6555465585,0.0
73.5814539864,229.98269722,36.6555465585,0.0
204.29032265,398.125610684,36.6555465585,0.0
409.557866596,170.818239506,36.6555465585,0.0
98.0493413984,67.1199032536,36.6555465585,0.0
255.139863648,42.8572819437,36.6555465585,0.0
269.540619096,200.166432144,36.6555465585,0.0
140.141892889,471.331272357,36.6555465585,0.0
288.864712417,408.02089964,36.6555465585,0.0
@ 260 10 0.4 0.338149132541
328.201591781,261.129673936,37.7484675286,0.0
458.097638896,313.639583224,37.7484675286,0.0
408.843034958,81.7079982326,37.7484675286,0.0
468.41816877,393.38482202,37.7484675286,0.0
430.31955345,227.308665173,37.7484675286,0.0
192.422192803,347.721208711,37.7484675286,0.0
215.253878094,160.971558782,37.7484675286,0.0
277.452638634,468.259143621,37.7484675286,0.0
60.7826443026,123.101448028,37.7484675286,0.0
343.01560769,427.442980681,37.7484675286,0.0
344.456286152,131.356693847,37.7484675286,0.0
297.261823029,190.821211072,37.7484675286,0.0
334.23274845,54.5754324574,37.7484675286,0.0
117.556047427,444.687437522,37.7484675286,0.0
94.6593304807,369.235989843,37.7484675286,0.0
211.881134941,67.1456503906,37.7484675286,0.0
46.1687657761,280.659955841,37.7484675286,0.0
140.051574919,119.495590164,37.7484675286,0.0
51.1421646537,39.2009237611,37.7484675286,0.0
354.683675135,349.52894312,37.7484675286,0.0
127.633652219,277.130596896,37.7484675286,0.0
@ 270 10 0.4 0.358614238798
164.945394721,70.8476686381,40.5341477667,0.0
286.798668422,375.081163918,40.5341477667,0.0
268.095824805,289.752738993,40.5341477667,0.0
63.8799796308,217.306341053,40.5341477667,0.0
131.107115133,449.18932183,40.5341477667,0.0
107.384919164,296.004031121,40.5341477667,0.0
459.495352071,42.5371810631,40.5341477667,0.0
195.624337345,328.837471284,40.5341477667,0.0
278.478951626,46.8794148055,40.5341477667,0.0
336.487110603,220.35939083,40.5341477667,0.0
380.597736533,389.37850009,40.5341477667,0.0
468.141571608,344.55553924,40.5341477667,0.0
446.82711217,129.888430063,40.5341477667,0.0
467.81028216,452.759799115,40.5341477667,0.0
66.0117834021,87.2796043072,40.5341477667,0.0
59.6107208763,400.841210188,40.5341477667,0.0
134.808116251,175.804193686,40.5341477667,0.0
457.602117068,259.215764509,40.5341477667,0.0
338.961160466,128.576337528,40.5341477667,0.0
232.882404272,128.443376827,40.5341477667,0.0
252.378659113,453.391410099,40.5341477667,0.0
@ 280 10 0.4 0.413495675032
145.288886132,123.604847131,41.3584139841,0.0
343.314027808,347.228718222,41.3584139841,0.0
153.911023008,365.329600524,41.3584139841,0.0
138.42725523,280.068692325,41.3584139841,0.0
440.184958127,332.329831317,41.3584139841,0.0
311.745209419,441.045892518,41.3584139841,0.0
49.038439043,249.861544843,41.3584139841,0.0
92.3432994246,48.395582583,41.3584139841,0.0
315.621366688,138.792422475,41.3584139841,0.0
406.256689633,437.07918256,41.3584139841,0.0
302.223357992,269.386551583,41.3584139841,0.0
422.65497126,157.526318022,41.3584139841,0.0
255.642795796,365.878845334,41.3584139841,0.0
208.894433077,456.331029839,41.3584139841,0.0
393.197651657,74.9891880263,41.3584139841,0.0
91.6449269994,461.885171227,41.3584139841,0.0
212.135448834,70.7426368348,41.3584139841,0.0
213.399861732,171.69935273,41.3584139841,0.0
42.7684689399,350.65301634,41.3584139841,0.0
49.5577016689,126.576881772,41.3584139841,0.0
447.459793925,248.532631757,41.3584139841,0.0
@ 290 10 0.4 0.430483619636
348.76000943,254.558899517,42.5080560953,0.0
386.329293546,462.457183688,42.5080560953,0.0
133.07317392,221.839309939,42.5080560953,0.0
202.477742692,147.935069875,42.5080560953,0.0
286.530006816,412.496467534,42.5080560953,0.0
162.252811632,43.9339264716,42.5080560953,0.0
45.5311897548,205.170723765,42.5080560953,0.0
440.705783968,53.6367661501,42.5080560953,0.0
274.22708388,209.705662565,42.5080560953,0.0
280.627550247,305.946730941,42.5080560953,0.0
360.033070004,367.4452931,42.5080560953,0.0
417.558581767,167.684377229,42.5080560953,0.0
187.828713954,316.714976581,42.5080560953,0.0
325.497313215,124.870500568,42.5080560953,0.0
448.067070359,273.486913067,42.5080560953,0.0
53.8777319108,447.362681052,42.5080560953,0.0
93.387796525,103.176871648,42.5080560953,0.0
44.8202128975,354.540290576,42.5080560953,0.0
127.506403379,400.680778969,42.5080560953,0.0
208.047961831,465.333349816,42.5080560953,0.0
464.806676477,386.230049849,42.5080560953,0.0
@ 300 10 0.4 0.454748597877
183.802082699,243.255820394,44.0848728904,0.0
365.007742285,129.50487823,44.0848728904,0.0
146.496686731,458.81125456,44.0848728904,0.0
47.0091934148,465.221176219,44.0848728904,0.0
461.87803047,321.484367649,44.0848728904,0.0
72.6820586778,130.566339022,44.0848728904,0.0
465.13555059,467.21206451,44.0848728904,0.0
69.3514997174,279.03951419,44.0848728904,0.0
148.024352393,343.150702416,44.0848728904,0.0
60.4528933009,369.035355332,44.0848728904,0.0
387.666076133,372.265074936,44.0848728904,0.0
318.206969939,52.9273044452,44.0848728904,0.0
243.525647378,160.180292963,44.0848728904,0.0
467.031067535,64.0623003464,44.0848728904,0.0
206.31585643,66.7023799095,44.0848728904,0.0
108.710762064,48.2283777572,44.0848728904,0.0
291.554878534,311.496051462,44.0848728904,0.0
263.452339034,398.69417556,44.0848728904,0.0
345.67184362,466.677041102,44.0848728904,0.0
378.311617247,258.614085397,44.0848728904,0.0
455.879808463,158.08551936,44.0848728904,0.0
@ 310 10 0.8 0.489111714461
99.5063328664,233.749662186,46.350848035,0.0
357.833507475,380.454091888,46.350848035,0.0
75.4051707412,452.076356933,46.350848035,0.0
48.9949200984,327.807923119,46.350848035,0.0
334.511578701,47.498990981,46.350848035,0.0
92.2056662864,49.7297132981,46.350848035,0.0
356.276740511,268.787127366,46.350848035,0.0
381.133035629,139.804055164,46.350848035,0.0
240.113574502,63.5524472838,46.350848035,0.0
48.5970088638,139.17873466,46.350848035,0.0
280.931490517,440.62348008,46.350848035,0.0
440.512132573,327.270510286,46.350848035,0.0
163.612587271,354.295439393,46.350848035,0.0
461.945701195,87.616612757,46.350848035,0.0
299.936113595,189.051005246,46.350848035,0.0
402.792402902,461.759324128,46.350848035,0.0
164.568047845,133.076978456,46.350848035,0.0
272.353062235,318.571046073,46.350848035,0.0
195.440333349,244.5080356,46.350848035,0.0
177.160883912,462.793806427,46.350848035,0.0
452.69538797,229.595973116,46.350848035,0.0
@ 320 10 0.8 0.540684908072
325.756646015,62.6215628064,43.8276160391,0.0
430.764537717,301.255846836,43.8276160391,0.0
44.5678668913,286.81802349,43.8276160391,0.0
235.016024188,177.512670935,43.8276160391,0.0
322.622647587,197.181882771,43.8276160391,0.0
47.5683652272,176.965313768,43.8276160391,0.0
257.091930541,269.600006097,43.8276160391,0.0
199.461646008,85.5780692557,43.8276160391,0.0
56.8013772133,50.0906165822,43.8276160391,0.0
117.485646719,119.695172295,43.8276160391,0.0
387.964821197,398.027205076,43.8276160391,0.0
409.551896929,211.194599482,43.8276160391,0.0
46.7238132594,392.120817325,43.8276160391,0.0
222.806488633,351.889837279,43.8276160391,0.0
465.016058558,456.166708606,43.8276160391,0.0
317.683632847,454.922047467,43.8276160391,0.0
120.524243637,445.351356909,43.8276160391,0.0
212.290281948,467.755393813,43.8276160391,0.0
132.079842852,207.106323251,43.8276160391,0.0
154.974224394,295.957409866,43.8276160391,0.0
433.613757573,112.908358085,43.8276160391,0.0
@ 330 10 0.8 0.483419956756
276.173086424,119.976136923,45.1750589748,0.0
186.305905417,364.763198162,45.1750589748,0.0
111.89852924,232.897947181,45.1750589748,0.0
194.427095411,175.747208922,45.1750589748,0.0
85.9957327889,328.29318198,45.1750589748,0.0
48.1142781138,138.234547912,45.1750589748,0.0
418.4847454,436.809020173,45.1750589748,0.0
196.384984694,73.4826184614,45.1750589748,0.0
204.411459602,270.901199384,45.1750589748,0.0
441.089281999,58.2967843909,45.1750589748,0.0
465.246458519,260.862253736,45.1750589748,0.0
343.907471424,55.8051438651,45.1750589748,0.0
52.424914649,428.924612918,45.1750589748,0.0
164.967078335,455.135979573,45.1750589748,0.0
303.793062376,217.593699396,45.1750589748,0.0
458.662671958,353.594414764,45.1750589748,0.0
277.348130315,340.781270091,45.1750589748,0.0
404.419087739,149.342769319,45.1750589748,0.0
76.5957874353,47.3178972728,45.1750589748,0.0
327.784547317,441.452722743,45.1750589748,0.0
382.743641313,301.415513828,45.1750589748,0.0
@ 340 10 0.8 0.513601561006
392.438399958,173.849025157,45.8530175033,0.0
165.104000106,457.602581243,45.8530175033,0.0
148.019317956,366.627607887,45.8530175033,0.0
325.430183022,242.009678027,45.8530175033,0.0
225.291232044,205.4464952,45.8530175033,0.0
64.7045913203,167.351019811,45.8530175033,0.0
464.821155814,348.416365138,45.8530175033,0.0
48.0383157835,46.4487536106,45.8530175033,0.0
358.830472463,77.4763269969,45.8530175033,0.0
285.824888693,136.14778205,45.8530175033,0.0
125.329952653,238.212433851,45.8530175033,0.0
239.578839059,47.6920086167,45.8530175033,0.0
46.0931757569,426.13251509,45.8530175033,0.0
355.467389574,378.960995858,45.8530175033,0.0
271.835508738,339.724226683,45.8530175033,0.0
61.8470642145,327.385191415,45.8530175033,0.0
456.569279808,246.770526023,45.8530175033,0.0
451.305314321,61.8297348813,45.8530175033,0.0
138.491948627,76.5016782888,45.8530175033,0.0
439.997510242,440.051142102,45.8530175033,0.0
285.834943367,458.163777067,45.8530175033,0.0
@ 350 10 0.8 0.529132845423
272.143070545,350.331292807,45.5578097317,0.0
68.2871665143,156.954182204,45.5578097317,0.0
464.996169702,177.635314577,45.5578097317,0.0
46.9055402656,59.2061904747,45.5578097317,0.0
373.746667477,159.203029355,45.5578097317,0.0
109.939546895,346.420743686,45.5578097317,0.0
369.885425517,367.704066225,45.5578097317,0.0
147.950851197,204.282913384,45.5578097317,0.0
170.931311692,75.0849039878,45.5578097317,0.0
422.973413109,282.660743491,45.5578097317,0.0
188.977049652,436.25066721,45.5578097317,0.0
462.750919296,75.6414938883,45.5578097317,0.0
61.3763633441,256.379644954,45.5578097317,0.0
192.621659569,292.53382914,45.5578097317,0.0
307.161290003,456.186970457,45.5578097317,0.0
71.9288597009,459.808553447,45.5578097317,0.0
366.506073031,52.8511912716,45.5578097317,0.0
264.745129523,60.514145832,45.5578097317,0.0
237.376037757,182.03639792,45.5578097317,0.0
438.77638195,452.192186782,45.5578097317,0.0
310.349362548,259.590146428,45.5578097317,0.0
@ 360 10 0.8 0.522341523704
110.077879787,461.79288688,46.0940594028,0.0
456.983718857,245.719169029,46.0940594028,0.0
285.115075605,148.505415459,46.0940594028,0.0
48.5434363587,56.1820253215,46.0940594028,0.0
311.875685592,440.536184813,46.0940594028,0.0
309.090561544,332.05624722,46.0940594028,0.0
434.435096015,446.30947847,46.0940594028,0.0
162.562578453,145.902482969,46.0940594028,0.0
241.486431847,58.8708736596,46.0940594028,0.0
208.140459466,458.461466902,46.0940594028,0.0
349.134381249,247.399953587,46.0940594028,0.0
336.567998594,63.7027950962,46.0940594028,0.0
182.284610734,369.501340688,46.0940594028,0.0
84.1365659373,370.826372625,46.0940594028,0.0
437.804006732,56.5369918678,46.0940594028,0.0
151.53688518,275.174552786,46.0940594028,0.0
146.731549755,53.2573053107,46.0940594028,0.0
451.97311849,342.074597308,46.0940594028,0.0
54.6661193675,162.305974572,46.0940594028,0.0
415.946849577,149.938872202,46.0940594028,0.0
245.805318326,260.59624379,46.0940594028,0.0
@ 370 10 0.8 0.534710599301
84.0208855306,433.361032551,44.5473635038,0.0
442.137064851,447.510051553,44.5473635038,0.0
460.861610855,341.287795495,44.5473635038,0.0
294.931767985,48.8609343815,44.5473635038,0.0
348.215195612,461.392921042,44.5473635038,0.0
199.671650814,46.9268888464,44.5473635038,0.0
135.972026434,240.527173733,44.5473635038,0.0
143.187532031,128.988072397,44.5473635038,0.0
428.405228416,210.323920394,44.5473635038,0.0
174.063521416,459.033227522,44.5473635038,0.0
153.376967142,369.07409748,44.5473635038,0.0
237.183467481,306.756797626,44.5473635038,0.0
370.728974929,330.046042189,44.5473635038,0.0
59.9276994586,310.273065225,44.5473635038,0.0
439.636406973,49.5724587672,44.5473635038,0.0
239.741515176,136.937845783,44.5473635038,0.0
367.630557274,110.891648296,44.5473635038,0.0
313.053033695,223.524710017,44.5473635038,0.0
75.8610116662,69.1164946592,44.5473635038,0.0
261.646477813,402.90497987,44.5473635038,0.0
51.1133207131,155.286777837,44.5473635038,0.0
@ 380 10 0.8 0.499428003679
114.340461814,65.3408851938,44.542247987,0.0
354.087119574,456.943142183,44.542247987,0.0
369.325105998,260.110759201,44.542247987,0.0
453.382817123,194.598649627,44.542247987,0.0
210.989112471,294.985661562,44.542247987,0.0
277.551853547,220.93476332,44.542247987,0.0
241.788890806,403.152032775,44.542247987,0.0
45.5860337749,278.685372351,44.542247987,0.0
319.451575989,334.267097118,44.542247987,0.0
134.026097675,341.26763666,44.542247987,0.0
70.0150588764,454.240830338,44.542247987,0.0
449.534009248,410.785782369,44.542247987,0.0
449.464131727,318.666466715,44.542247987,0.0
194.359196154,175.870382109,44.542247987,0.0
442.504981199,78.2266962224,44.542247987,0.0
106.46006617,200.204336976,44.542247987,0.0
370.970299983,156.527192038,44.542247987,0.0
282.770063737,131.009548578,44.542247987,0.0
317.636111077,48.1657401032,44.542247987,0.0
171.320313207,460.839735035,44.542247987,0.0
44.9299237046,124.765842147,44.542247987,0.0
@ 390 10 0.8 0.499313308423
150.363764794,80.0873223882,44.3130727133,0.0
183.362585862,464.499385778,44.3130727133,0.0
153.390332471,378.376522529,44.3130727133,0.0
465.266954835,50.1649684021,44.3130727133,0.0
320.53849202,51.8803812053,44.3130727133,0.0
278.350772124,404.341762732,44.3130727133,0.0
337.471262009,192.788193329,44.3130727133,0.0
242.878351844,228.370971614,44.3130727133,0.0
65.2766698877,348.440312107,44.3130727133,0.0
460.422034341,151.772851516,44.3130727133,0.0
48.9201042842,58.3234572355,44.3130727133,0.0
389.808304389,428.405060401,44.3130727133,0.0
453.836659961,351.308554385,44.3130727133,0.0
54.9345811732,159.325007014,44.3130727133,0.0
159.732708379,173.659324775,44.3130727133,0.0
432.557538012,249.831386626,44.3130727133,0.0
346.096784469,310.176349271,44.3130727133,0.0
149.723186482,274.626234915,44.3130727133,0.0
250.232146,127.47543005,44.3130727133,0.0
71.7793114559,455.906631568,44.3130727133,0.0
234.843317022,323.161574441,44.3130727133,0.0
@ 400 10 0.8 0.494188471196
312.500716321,61.726959509,46.5313691381,0.0
56.8543379737,176.219528809,46.5313691381,0.0
394.153696608,131.230807279,46.5313691381,0.0
465.186601594,53.4986099219,46.5313691381,0.0
448.472749807,334.060404511,46.5313691381,0.0
87.7753729348,462.129041805,46.5313691381,0.0
347.376377492,337.109339306,46.5313691381,0.0
261.958304202,286.434901523,46.5313691381,0.0
166.70413334,161.790460225,46.5313691381,0.0
49.1257330988,351.557570083,46.5313691381,0.0
194.875137684,49.1913898902,46.5313691381,0.0
450.333484784,452.061240255,46.5313691381,0.0
117.790164232,266.090270751,46.5313691381,0.0
67.0273954463,60.1503298015,46.5313691381,0.0
262.976435303,145.174445176,46.5313691381,0.0
353.489096134,232.172281117,46.5313691381,0.0
352.395330626,453.757766016,46.5313691381,0.0
275.082099984,399.80216836,46.5313691381,0.0
449.236201409,224.216505025,46.5313691381,0.0
186.287846336,344.570139821,46.5313691381,0.0
191.439857404,453.214521922,46.5313691381,0.0
@ 410 10 1.0 0.544904684395
298.893844589,71.1933753187,47.1652874753,0.0
60.6502919535,326.464425995,47.1652874753,0.0
359.429916001,164.735349369,47.1652874753,0.0
397.639609468,69.2880139912,47.1652874753,0.0
329.798477498,363.318087273,47.1652874753,0.0
225.937584207,433.267384569,47.1652874753,0.0
456.460970541,145.558633621,47.1652874753,0.0
427.386965809,340.023074429,47.1652874753,0.0
137.799172285,246.628202208,47.1652874753,0.0
52.236498524,189.162648864,47.1652874753,0.0
202.05486348,58.1288063988,47.1652874753,0.0
459.282521351,435.629470585,47.1652874753,0.0
152.204023678,368.612372669,47.1652874753,0.0
60.5062546764,73.0255621015,47.1652874753,0.0
138.455182101,136.480073165,47.1652874753,0.0
266.314566077,181.013637209,47.1652874753,0.0
338.27205228,263.005879084,47.1652874753,0.0
445.094167982,240.120925504,47.1652874753,0.0
231.959220434,281.714755687,47.1652874753,0.0
77.6189696116,432.910526934,47.1652874753,0.0
321.202458441,457.777853854,47.1652874753,0.0
@ 420 10 1.0 0.55985279448
465.458973495,55.4630666137,45.970945121,0.0
164.604244866,263.07835288,45.970945121,0.0
55.1482856504,236.062678267,45.970945121,0.0
454.134279903,170.165789044,45.970945121,0.0
357.238726161,421.339455735,45.970945121,0.0
435.99279848,367.695804576,45.970945121,0.0
369.341769834,212.111038024,45.970945121,0.0
238.799684382,465.756170803,45.970945121,0.0
88.163414778,94.5702397733,45.970945121,0.0
464.237072831,460.980440252,45.970945121,0.0
293.380651771,54.3924909577,45.970945121,0.0
348.334880292,329.692691848,45.970945121,0.0
166.673168187,168.639185222,45.970945121,0.0
181.907475865,77.4591462801,45.970945121,0.0
382.044227666,109.934469846,45.970945121,0.0
446.471428214,276.182048776,45.970945121,0.0
279.7436083,155.345410298,45.970945121,0.0
281.177012629,264.836649214,45.970945121,0.0
191.442866199,364.419441888,45.970945121,0.0
78.8802443463,346.712731333,45.970945121,0.0
118.074718056,431.635015027,45.970945121,0.0
@ 430 10 1.0 0.531858058313
239.866135767,54.6029375325,46.2696631403,0.0
46.6439638698,231.645198709,46.2696631403,0.0
57.5843860704,139.582240461,46.2696631403,0.0
450.524393054,48.8427866912,46.2696631403,0.0
263.218752467,449.865179857,46.2696631403,0.0
356.667603192,448.419486801,46.2696631403,0.0
459.90605997,262.597808849,46.2696631403,0.0
160.531925503,233.394782181,46.2696631403,0.0
106.252966264,57.5796089693,46.2696631403,0.0
76.8249671644,331.869605807,46.2696631403,0.0
283.933750764,162.803159234,46.2696631403,0.0
254.583622215,251.135871411,46.2696631403,0.0
460.00501211,167.960968653,46.2696631403,0.0
167.351132955,134.952824991,46.2696631403,0.0
360.697420409,78.3520166654,46.2696631403,0.0
459.761858809,450.745906475,46.2696631403,0.0
360.75958273,215.599599432,46.2696631403,0.0
405.965478732,365.751778851,46.2696631403,0.0
307.048031309,365.46081739,46.2696631403,0.0
155.146518117,398.998781943,46.2696631403,0.0
73.0028388654,463.253445203,46.2696631403,0.0
@ 440 10 1.0 0.538792515286
366.082414418,52.0408408477,46.7268206857,0.0
48.5065262633,242.158270891,46.7268206857,0.0
219.188020389,152.225608863,46.7268206857,0.0
428.656666742,133.780382161,46.7268206857,0.0
365.449925428,448.72846251,46.7268206857,0.0
449.724849381,352.330274077,46.7268206857,0.0
382.101000043,249.039921728,46.7268206857,0.0
214.777877247,358.82944524,46.7268206857,0.0
47.8917133893,49.5081518781,46.7268206857,0.0
57.4213342687,335.54547522,46.7268206857,0.0
72.6532331052,147.84493281,46.7268206857,0.0
268.04480619,61.0823587726,46.7268206857,0.0
248.622331583,454.133625117,46.7268206857,0.0
141.516434094,71.9397996148,46.7268206857,0.0
313.481977988,160.737100212,46.7268206857,0.0
156.226555592,283.608726131,46.7268206857,0.0
269.21688627,245.818217019,46.7268206857,0.0
461.819406923,463.33006119,46.7268206857,0.0
328.515857883,343.120504807,46.7268206857,0.0
156.080363412,440.598311582,46.7268206857,0.0
62.9630902732,457.120160545,46.7268206857,0.0
@ 450 10 1.0 0.549491961482
156.521114831,455.865288437,46.067138806,0.0
141.251771144,133.06331478,46.067138806,0.0
51.2983467538,295.746259191,46.067138806,0.0
350.346067177,52.1613930918,46.067138806,0.0
450.79509388,465.742657673,46.067138806,0.0
416.52862992,379.084680349,46.067138806,0.0
456.372870258,51.155672617,46.067138806,0.0
321.122628557,464.919917392,46.067138806,0.0
149.678572731,249.835237797,46.067138806,0.0
324.06295931,356.591375428,46.067138806,0.0
137.365901391,363.887648823,46.067138806,0.0
372.812970611,249.988265972,46.067138806,0.0
464.147586094,278.986784432,46.067138806,0.0
49.7523807099,194.240412052,46.067138806,0.0
273.806867398,180.777973969,46.067138806,0.0
221.903524042,68.3108532217,46.067138806,0.0
237.463908633,411.778740233,46.067138806,0.0
457.308575103,153.101850221,46.067138806,0.0
77.2020858337,48.3769961866,46.067138806,0.0
242.153902433,277.476125139,46.067138806,0.0
62.5085547043,444.179229217,46.067138806,0.0
@ 460 10 1.0 0.534086201054
232.529929348,396.812548975,47.0053628307,0.0
312.984394622,59.9151075112,47.0053628307,0.0
151.277783414,461.412913775,47.0053628307,0.0
201.14061385,67.8651579945,47.0053628307,0.0
423.727183673,462.49670492,47.0053628307,0.0
441.394462875,216.344015395,47.0053628307,0.0
441.704308181,56.8854642738,47.0053628307,0.0
131.455115361,368.063472806,47.0053628307,0.0
358.472491738,349.132375626,47.0053628307,0.0
257.127156657,148.825742543,47.0053628307,0.0
52.299087845,307.483707163,47.0053628307,0.0
127.429330991,141.220491755,47.0053628307,0.0
378.483313801,135.04860047,47.0053628307,0.0
59.9541234936,212.3097866,47.0053628307,0.0
168.462185239,258.909853412,47.0053628307,0.0
319.691539019,219.835282398,47.0053628307,0.0
455.065096513,367.949649768,47.0053628307,0.0
254.196023023,298.840535082,47.0053628307,0.0
107.804856049,47.208929965,47.0053628307,0.0
320.047284027,461.760193094,47.0053628307,0.0
48.9315469975,414.71608552,47.0053628307,0.0
@ 470 10 1.0 0.556062614422
157.912614861,463.60831821,45.2737232968,0.0
267.399658618,172.477145017,45.2737232968,0.0
179.386520743,134.165330595,45.2737232968,0.0
369.923358616,80.914468117,45.2737232968,0.0
364.891802555,459.924647502,45.2737232968,0.0
426.767914142,163.235337521,45.2737232968,0.0
465.879737642,76.5041828265,45.2737232968,0.0
261.499322961,433.328356102,45.2737232968,0.0
421.723106901,372.759846412,45.2737232968,0.0
148.093076803,343.399409438,45.2737232968,0.0
157.458349789,227.534129157,45.2737232968,0.0
148.784855157,48.0976548353,45.2737232968,0.0
462.575944593,258.21566744,45.2737232968,0.0
48.7963921277,54.055466017,45.2737232968,0.0
56.2302217192,272.271252389,45.2737232968,0.0
252.05094688,278.686198804,45.2737232968,0.0
464.655609984,462.496023976,45.2737232968,0.0
59.1323136451,397.947569567,45.2737232968,0.0
278.424234644,69.2020262921,45.2737232968,0.0
345.759134592,310.943810629,45.2737232968,0.0
73.5993978733,152.348666082,45.2737232968,0.0
@ 480 10 1.0 0.515847467853
338.218776123,457.225970305,46.2917370733,0.0
361.53897954,158.213915964,46.2917370733,0.0
51.0702260562,264.987873357,46.2917370733,0.0
51.4282113464,170.97439059,46.2917370733,0.0
244.457761057,433.131323683,46.2917370733,0.0
306.099273782,361.086529125,46.2917370733,0.0
460.005819994,156.602801466,46.2917370733,0.0
441.186338569,464.279812603,46.2917370733,0.0
451.356920782,54.5782244459,46.2917370733,0.0
258.999561997,180.840943699,46.2917370733,0.0
170.979227536,151.828709502,46.2917370733,0.0
157.544386168,248.932806288,46.2917370733,0.0
299.128393216,60.3022511861,46.2917370733,0.0
192.825818938,50.3790761354,46.2917370733,0.0
65.664948883,384.793973867,46.2917370733,0.0
329.981845341,268.222351438,46.2917370733,0.0
449.498618485,253.629287085,46.2917370733,0.0
152.16605704,444.1674885,46.2917370733,0.0
71.9493414122,46.7935776575,46.2917370733,0.0
401.952089798,338.063599226,46.2917370733,0.0
211.175695348,345.379502984,46.2917370733,0.0
@ 490 10 1.0 0.539306722912
435.180413549,454.886142873,47.1899638573,0.0
57.1573678655,142.296674767,47.1899638573,0.0
54.6523344931,376.321691459,47.1899638573,0.0
265.986147744,151.914047411,47.1899638573,0.0
124.552026705,446.088961655,47.1899638573,0.0
190.452346521,235.616935187,47.1899638573,0.0
461.901693807,78.921373182,47.1899638573,0.0
304.563034553,462.252434242,47.1899638573,0.0
321.416452736,64.8153028816,47.1899638573,0.0
93.6868601018,50.0155851889,47.1899638573,0.0
463.842601584,341.819226266,47.1899638573,0.0
158.011603294,142.17264401,47.1899638573,0.0
50.2784877087,237.820741727,47.1899638573,0.0
207.7391636,52.5158313431,47.1899638573,0.0
249.394901685,312.392621079,47.1899638573,0.0
351.366610618,237.130518469,47.1899638573,0.0
386.638362051,138.435465087,47.1899638573,0.0
347.554360792,377.316277345,47.1899638573,0.0
138.255160132,316.757896398,47.1899638573,0.0
453.835597314,246.132292423,47.1899638573,0.0
218.638027532,402.780811281,47.1899638573,0.0
@ 500 10 1.0 0.560438765907
462.637643879,455.540265027,49.1873218398,0.0
83.1349844847,51.3236326158,49.1873218398,0.0
59.2597173501,415.631669773,49.1873218398,0.0
273.013896113,143.266647676,49.1873218398,0.0
194.456509834,451.446654071,49.1873218398,0.0
161.598942281,253.285715707,49.1873218398,0.0
443.292123063,49.7073817598,49.1873218398,0.0
316.09950894,447.521936808,49.1873218398,0.0
337.793432378,53.6944615524,49.1873218398,0.0
167.398854517,152.271309295,49.1873218398,0.0
361.206866085,189.142562915,49.1873218398,0.0
51.5693268132,187.780605663,49.1873218398,0.0
63.1669225026,304.001827279,49.1873218398,0.0
205.418450691,58.6819024097,49.1873218398,0.0
272.201433436,244.16822569,49.1873218398,0.0
361.122735513,303.831914577,49.1873218398,0.0
462.558208938,147.141371423,49.1873218398,0.0
457.669591395,352.256397419,49.1873218398,0.0
145.382535516,360.76239284,49.1873218398,0.0
453.84562754,247.249361471,49.1873218398,0.0
250.838164397,364.230378521,49.1873218398,0.0
@ 510 10 2.0 0.608884939298
453.862313607,395.285373824,48.8090342815,0.0
91.7815754512,52.2003223219,48.8090342815,0.0
66.3178629561,459.002122189,48.8090342815,0.0
256.818859464,186.111767825,48.8090342815,0.0
163.182025484,437.075535511,48.8090342815,0.0
56.753682318,260.57575312,48.8090342815,0.0
431.474778104,53.0247085165,48.8090342815,0.0
373.563158186,463.032466312,48.8090342815,0.0
266.398776543,71.9150392003,48.8090342815,0.0
157.591393601,221.772001501,48.8090342815,0.0
360.738237982,245.460677491,48.8090342815,0.0
53.247498243,148.192346552,48.8090342815,0.0
62.1385382336,358.699261414,48.8090342815,0.0
167.229661727,123.503520666,48.8090342815,0.0
266.356767671,303.562848658,48.8090342815,0.0
362.509610296,352.142781431,48.8090342815,0.0
363.598797893,129.77695597,48.8090342815,0.0
447.875279643,292.093432608,48.8090342815,0.0
163.250454292,335.712596233,48.8090342815,0.0
444.188490501,194.277776321,48.8090342815,0.0
284.691326861,415.573339481,48.8090342815,0.0
@ 520 10 2.0 0.599555385706
448.893209616,457.309527823,48.4054350668,0.0
53.4926673065,102.16329361,48.4054350668,0.0
72.0147076044,409.798487847,48.4054350668,0.0
358.91900973,254.859394389,48.4054350668,0.0
213.820130986,458.650412332,48.4054350668,0.0
184.275726151,354.331615505,48.4054350668,0.0
462.030341577,55.8273991186,48.4054350668,0.0
332.479083592,455.761751391,48.4054350668,0.0
261.477780953,62.6273830352,48.4054350668,0.0
195.967152772,141.671674832,48.4054350668,0.0
461.738577513,237.324578359,48.4054350668,0.0
68.7562942754,198.262141001,48.4054350668,0.0
51.7575840705,297.381502908,48.4054350668,0.0
144.821304336,58.165449487,48.4054350668,0.0
307.491082774,155.533103329,48.4054350668,0.0
247.809606095,249.120925284,48.4054350668,0.0
360.824010346,58.2782805729,48.4054350668,0.0
424.19614628,347.911210148,48.4054350668,0.0
283.073269345,350.056588658,48.4054350668,0.0
407.507202119,145.669904029,48.4054350668,0.0
147.736945699,263.914077551,48.4054350668,0.0
@ 530 10 2.0 0.589680999689
456.136767202,449.90580698,48.2616463795,0.0
62.6804949448,92.5414331535,48.2616463795,0.0
77.2023684911,340.304338154,48.2616463795,0.0
354.745012974,249.891067897,48.2616463795,0.0
89.8623350321,456.408929403,48.2616463795,0.0
191.344229985,366.901812009,48.2616463795,0.0
375.561779601,150.546868677,48.2616463795,0.0
354.615749483,447.762027921,48.2616463795,0.0
276.288633237,159.062664925,48.2616463795,0.0
180.16181226,145.118724587,48.2616463795,0.0
455.55038739,209.26874052,48.2616463795,0.0
150.677331443,48.8675816508,48.2616463795,0.0
56.099702938,189.615994205,48.2616463795,0.0
247.248345657,57.6026789621,48.2616463795,0.0
249.348851961,253.916860499,48.2616463795,0.0
314.147287068,353.806288488,48.2616463795,0.0
346.417192609,48.4703054632,48.2616463795,0.0
418.002923768,336.269637,48.2616463795,0.0
251.689270141,450.505984222,48.2616463795,0.0
461.374441422,93.1613089293,48.2616463795,0.0
132.729031014,261.033438681,48.2616463795,0.0
@ 540 10 2.0 0.586182899818
434.806293169,459.123617278,49.1958450324,0.0
51.806116876,80.4200491882,49.1958450324,0.0
55.6649544981,196.368853599,49.1958450324,0.0
359.018626362,265.325644875,49.1958450324,0.0
54.63524409,454.746688912,49.1958450324,0.0
52.3344235134,298.178397059,49.1958450324,0.0
457.371264065,180.798901311,49.1958450324,0.0
287.400595106,456.301050028,49.1958450324,0.0
250.887745616,112.579678681,49.1958450324,0.0
156.350453737,266.048964221,49.1958450324,0.0
458.456377566,320.858384937,49.1958450324,0.0
155.390069626,49.4193739364,49.1958450324,0.0
153.088001795,157.25993389,49.1958450324,0.0
332.362971162,56.5015486734,49.1958450324,0.0
262.798096473,227.207879908,49.1958450324,0.0
228.408793913,375.870513153,49.1958450324,0.0
361.173129378,156.421907234,49.1958450324,0.0
370.554819874,376.61209515,49.1958450324,0.0
161.014346225,460.74212709,49.1958450324,0.0
442.688115927,66.5602987889,49.1958450324,0.0
130.444508949,364.140887056,49.1958450324,0.0
@ 550 10 2.0 0.609095973077
457.046401653,442.0238378,50.1228422666,0.0
54.4743919146,51.9015020882,50.1228422666,0.0
64.6545291859,166.220695343,50.1228422666,0.0
249.768928832,252.080161941,50.1228422666,0.0
57.7009218473,421.873483675,50.1228422666,0.0
52.0183526966,301.000615704,50.1228422666,0.0
375.462258478,259.34552478,50.1228422666,0.0
270.314895835,460.828997141,50.1228422666,0.0
258.249089853,51.1261993286,50.1228422666,0.0
145.298642944,242.85213325,50.1228422666,0.0
437.697190824,340.248254518,50.1228422666,0.0
155.998654945,52.4357502192,50.1228422666,0.0
207.989595287,158.983186654,50.1228422666,0.0
461.841037843,58.1149790254,50.1228422666,0.0
312.856136858,169.60441634,50.1228422666,0.0
251.350840751,362.199637073,50.1228422666,0.0
361.820945854,73.3631290775,50.1228422666,0.0
348.849996885,397.523873071,50.1228422666,0.0
167.262282183,451.087649912,50.1228422666,0.0
415.757270915,167.419124253,50.1228422666,0.0
140.897466593,348.552605332,50.1228422666,0.0
@ 560 10 2.0 0.632266626853
456.714597153,436.588311593,49.2155607306,0.0
70.058552582,80.277495272,49.2155607306,0.0
256.967974409,123.234360098,49.2155607306,0.0
350.269646669,157.791501761,49.2155607306,0.0
52.8056770947,462.198511328,49.2155607306,0.0
155.266386601,156.655471969,49.2155607306,0.0
461.993576968,317.509819433,49.2155607306,0.0
314.703657934,460.65923365,49.2155607306,0.0
267.869364382,221.760484182,49.2155607306,0.0
161.795974577,277.583948849,49.2155607306,0.0
347.693889273,365.230379435,49.2155607306,0.0
176.570278098,53.1920058278,49.2155607306,0.0
51.0213645482,303.423167863,49.2155607306,0.0
456.676243007,196.007947562,49.2155607306,0.0
435.863580616,84.7038570755,49.2155607306,0.0
250.386726814,330.08002773,49.2155607306,0.0
329.960014878,49.7901791479,49.2155607306,0.0
134.033952618,373.337459998,49.2155607306,0.0
184.460243004,462.337581974,49.2155607306,0.0
359.49803481,265.656473157,49.2155607306,0.0
55.0188938249,193.552666673,49.2155607306,0.0
@ 570 10 2.0 0.609584272799
455.496857849,460.461598026,50.7202966173,0.0
52.7596129867,77.2233388659,50.7202966173,0.0
240.838910181,166.181880004,50.7202966173,0.0
342.399542433,163.162967954,50.7202966173,0.0
54.242135926,452.065803443,50.7202966173,0.0
140.444092797,136.53833669,50.7202966173,0.0
461.061813906,354.965615948,50.7202966173,0.0
350.688778183,459.0266225,50.7202966173,0.0
283.862541618,258.279939657,50.7202966173,0.0
179.279698877,344.01953091,50.7202966173,0.0
343.122478553,346.071736533,50.7202966173,0.0
222.447293688,60.4556217606,50.7202966173,0.0
163.820131757,240.546953781,50.7202966173,0.0
460.383541939,163.917322782,50.7202966173,0.0
433.011383346,64.7887619288,50.7202966173,0.0
260.427741882,409.170085906,50.7202966173,0.0
331.491531669,61.3637599802,50.7202966173,0.0
62.6898364779,339.584848143,50.7202966173,0.0
160.729953901,450.097571767,50.7202966173,0.0
421.960662431,259.606801852,50.7202966173,0.0
59.0368630235,205.061777422,50.7202966173,0.0
@ 580 10 2.0 0.647429446239
266.514404049,369.612166827,49.9598701351,0.0
91.9061006954,52.8467200442,49.9598701351,0.0
251.271131374,54.9288590099,49.9598701351,0.0
459.961033049,267.35122951,49.9598701351,0.0
64.664130105,456.540124564,49.9598701351,0.0
251.156727465,173.333625672,49.9598701351,0.0
322.469161574,455.717245982,49.9598701351,0.0
218.315881657,457.515293139,49.9598701351,0.0
451.05885968,162.650356946,49.9598701351,0.0
119.295180632,232.741715214,49.9598701351,0.0
218.276302986,269.692799502,49.9598701351,0.0
154.270588603,131.222886903,49.9598701351,0.0
352.108919439,182.996186442,49.9598701351,0.0
396.90000849,360.243601566,49.9598701351,0.0
460.47567113,52.6694646728,49.9598701351,0.0
326.958855038,284.145268052,49.9598701351,0.0
358.15494868,73.5186111797,49.9598701351,0.0
50.7960759055,326.461627419,49.9598701351,0.0
166.347016456,367.939611774,49.9598701351,0.0
439.662575279,458.409144715,49.9598701351,0.0
54.0687397829,155.173492965,49.9598701351,0.0
@ 590 10 2.0 0.62816173905
211.161787449,457.469383214,50.1529689729,0.0
50.3979345168,64.5689117974,50.1529689729,0.0
158.290975672,50.3157124082,50.1529689729,0.0
460.26708548,354.839324928,50.1529689729,0.0
50.6511036111,231.425857173,50.1529689729,0.0
336.578379081,173.776514268,50.1529689729,0.0
352.412528445,461.465975351,50.1529689729,0.0
75.1863643105,440.961420027,50.1529689729,0.0
458.443601336,248.956233223,50.1529689729,0.0
276.257179428,264.48975692,50.1529689729,0.0
158.050404161,361.190858009,50.1529689729,0.0
218.59879945,150.555919958,50.1529689729,0.0
388.337754276,59.1352384505,50.1529689729,0.0
263.086841455,365.580660534,50.1529689729,0.0
459.028944159,135.680012826,50.1529689729,0.0
362.434734049,328.09584704,50.1529689729,0.0
271.287699144,64.7002149402,50.1529689729,0.0
173.841734935,244.387290488,50.1529689729,0.0
56.7004903271,332.083463189,50.1529689729,0.0
457.668958269,457.010660205,50.1529689729,0.0
113.174537834,143.378292007,50.1529689729,0.0
@ 600 10 2.0 0.633026912368
228.741564841,455.767640241,52.6967992416,0.0
67.0531320742,61.6921071086,52.6967992416,0.0
193.526424364,56.9409610724,52.6967992416,0.0
458.269916926,351.187271049,52.6967992416,0.0
52.8799815138,219.114489755,52.6967992416,0.0
343.844617773,158.475490006,52.6967992416,0.0
336.337143262,457.916901726,52.6967992416,0.0
53.5102530234,456.096396094,52.6967992416,0.0
401.526488661,254.290388101,52.6967992416,0.0
295.157394536,252.323999736,52.6967992416,0.0
142.136595935,393.247363824,52.6967992416,0.0
238.187132091,156.537715709,52.6967992416,0.0
431.201023056,53.4046295087,52.6967992416,0.0
237.028574425,346.144771998,52.6967992416,0.0
456.603184245,157.27160033,52.6967992416,0.0
343.390427037,349.396333977,52.6967992416,0.0
307.327077837,54.6735690486,52.6967992416,0.0
160.605073886,273.148832008,52.6967992416,0.0
56.0211620433,327.359621644,52.6967992416,0.0
445.163601172,459.211137373,52.6967992416,0.0
132.819921958,145.521790282,52.6967992416,0.0
@ 610 10 4.0 0.698871537059
245.439845173,457.578224718,51.9792229421,0.0
60.5764169009,90.332957506,51.9792229421,0.0
165.072429418,55.1167702082,51.9792229421,0.0
458.84618334,336.957853778,51.9792229421,0.0
58.9803069474,239.973931104,51.9792229421,0.0
353.433345369,157.56978159,51.9792229421,0.0
350.629809439,458.585678624,51.9792229421,0.0
54.6666146281,456.742882942,51.9792229421,0.0
416.808163163,240.673206841,51.9792229421,0.0
296.892311545,259.411570438,51.9792229421,0.0
147.805528222,409.913236328,51.9792229421,0.0
246.471971812,161.108318689,51.9792229421,0.0
383.285156214,53.0503755579,51.9792229421,0.0
232.699550286,348.829334225,51.9792229421,0.0
457.592929163,136.793806911,51.9792229421,0.0
346.030802225,351.357608216,51.9792229421,0.0
277.71345726,53.5269727718,51.9792229421,0.0
167.595647219,262.816421271,51.9792229421,0.0
57.6617870068,352.626467077,51.9792229421,0.0
454.768183139,453.764822048,51.9792229421,0.0
136.504278905,161.370529229,51.9792229421,0.0
@ 620 10 4.0 0.679967952017
212.78739133,460.402541548,51.3691215502,0.0
55.202001546,86.1984969122,51.3691215502,0.0
153.228841465,51.7060702704,51.3691215502,0.0
450.931494707,345.360309041,51.3691215502,0.0
51.7902351218,205.183233527,51.3691215502,0.0
361.623475847,167.30109192,51.3691215502,0.0
342.887170581,460.003869316,51.3691215502,0.0
70.8213201756,427.260073747,51.3691215502,0.0
460.317178621,225.4619415,51.3691215502,0.0
247.666734355,257.655806593,51.3691215502,0.0
164.201046912,367.315168348,51.3691215502,0.0
248.753487043,153.941037669,51.3691215502,0.0
377.80425533,53.7730141716,51.3691215502,0.0
281.287002642,367.772770964,51.3691215502,0.0
455.553726378,121.410174745,51.3691215502,0.0
355.791992629,284.347779717,51.3691215502,0.0
274.827130512,53.6163847,51.3691215502,0.0
140.729349811,259.368082558,51.3691215502,0.0
52.6244032825,318.697533052,51.3691215502,0.0
456.445539517,448.174647418,51.3691215502,0.0
144.7315063,154.333778372,51.3691215502,0.0
@ 630 10 4.0 0.664099505274
264.127687213,459.977195499,51.9099827775,0.0
53.1091212309,125.640219301,51.9099827775,0.0
130.219767225,55.2844539694,51.9099827775,0.0
450.508580385,351.662876288,51.9099827775,0.0
62.6079591407,244.652672949,51.9099827775,0.0
400.903016284,151.21928814,51.9099827775,0.0
360.135343006,404.566466655,51.9099827775,0.0
55.3828453808,457.602397113,51.9099827775,0.0
459.921161985,240.635564046,51.9099827775,0.0
238.550891218,249.912237212,51.9099827775,0.0
157.279970909,421.36834627,51.9099827775,0.0
291.781912461,160.664429927,51.9099827775,0.0
339.309275935,61.6623972251,51.9099827775,0.0
261.697625788,351.93427297,51.9099827775,0.0
458.816387766,55.9836126646,51.9099827775,0.0
359.664257626,281.913761003,51.9099827775,0.0
234.645460288,58.7925228433,51.9099827775,0.0
156.351396748,314.038539726,51.9099827775,0.0
55.9210747473,353.192081333,51.9099827775,0.0
451.538844199,456.266510342,51.9099827775,0.0
172.851751298,165.82582954,51.9099827775,0.0
@ 640 10 4.0 0.678157623486
293.270602034,459.653007254,51.9027570181,0.0
52.3436975678,190.348611565,51.9027570181,0.0
54.9558571003,66.932816653,51.9027570181,0.0
458.29241043,317.076431866,51.9027570181,0.0
147.529074813,244.483467622,51.9027570181,0.0
363.297751563,150.785986874,51.9027570181,0.0
367.222480695,371.86114007,51.9027570181,0.0
79.587116634,439.655979285,51.9027570181,0.0
459.933019263,191.19258956,51.9027570181,0.0
256.877980949,254.285273975,51.9027570181,0.0
187.372466014,458.736277231,51.9027570181,0.0
254.946953239,148.53366333,51.9027570181,0.0
312.632709118,55.0729992849,51.9027570181,0.0
256.016640503,362.443767767,51.9027570181,0.0
445.554076194,80.3467163455,51.9027570181,0.0
361.02718907,268.217427934,51.9027570181,0.0
204.972346099,53.6038474666,51.9027570181,0.0
149.440580141,360.681717215,51.9027570181,0.0
54.3624564855,305.824120436,51.9027570181,0.0
450.483188306,440.715470451,51.9027570181,0.0
141.885603282,136.623906347,51.9027570181,0.0
@ 650 10 4.0 0.677968840422
271.333885081,459.7203822,51.8801451379,0.0
51.9957638763,159.907072701,51.8801451379,0.0
106.858648376,66.4817760244,51.8801451379,0.0
448.124863825,345.197112951,51.8801451379,0.0
98.1247084463,257.188110438,51.8801451379,0.0
392.008947082,148.660306066,51.8801451379,0.0
362.725414017,410.46927995,51.8801451379,0.0
58.1010658156,458.884291881,51.8801451379,0.0
457.969785687,229.194938759,51.8801451379,0.0
233.111955183,254.551491298,51.8801451379,0.0
165.916815967,458.95969977,51.8801451379,0.0
286.546626455,164.836376898,51.8801451379,0.0
323.708187188,59.0126959665,51.8801451379,0.0
272.437750352,351.277755553,51.8801451379,0.0
443.938606786,58.5095258945,51.8801451379,0.0
358.98689344,291.704192144,51.8801451379,0.0
211.772738543,64.2588387457,51.8801451379,0.0
166.34273329,347.000465126,51.8801451379,0.0
55.5920392986,352.607488842,51.8801451379,0.0
457.905423791,454.091315922,51.8801451379,0.0
158.547345665,169.68476456,51.8801451379,0.0
@ 660 10 4.0 0.677378243248
284.287810299,460.356284161,51.3268496148,0.0
57.8029164657,170.640623803,51.3268496148,0.0
57.6718829104,59.5843820815,51.3268496148,0.0
459.265642658,325.885226534,51.3268496148,0.0
147.480242088,222.420406941,51.3268496148,0.0
374.360527862,165.337319298,51.3268496148,0.0
370.105339385,386.410531297,51.3268496148,0.0
54.7432475337,444.857368289,51.3268496148,0.0
459.849126478,222.184984964,51.3268496148,0.0
248.566923162,256.323391465,51.3268496148,0.0
157.416971682,452.748013592,51.3268496148,0.0
270.644363522,150.996661529,51.3268496148,0.0
356.591028461,52.7098350531,51.3268496148,0.0
270.782771859,356.759051536,51.3268496148,0.0
453.454966982,86.9259546379,51.3268496148,0.0
363.407707174,268.691290557,51.3268496148,0.0
232.494025828,54.3267996772,51.3268496148,0.0
164.667470085,346.639158776,51.3268496148,0.0
59.7697319092,286.471575937,51.3268496148,0.0
449.212906558,457.354984868,51.3268496148,0.0
146.271706911,113.041187683,51.3268496148,0.0
@ 670 10 4.0 0.663006972644
337.203413729,457.729250978,51.6783914969,0.0
52.1559861009,219.521054024,51.6783914969,0.0
60.4067696096,65.7578062661,51.6783914969,0.0
456.995165028,354.380935525,51.6783914969,0.0
171.065049023,273.909703045,51.6783914969,0.0
349.467349674,155.016368605,51.6783914969,0.0
350.489921328,344.594730724,51.6783914969,0.0
52.3717540222,439.42712964,51.6783914969,0.0
455.670862667,158.375839706,51.6783914969,0.0
287.067783728,250.288413828,51.6783914969,0.0
228.605727744,457.465645647,51.6783914969,0.0
243.922177925,151.498672906,51.6783914969,0.0
286.120391974,54.1298179705,51.6783914969,0.0
242.902858562,352.419136361,51.6783914969,0.0
401.858212713,61.393188176,51.6783914969,0.0
417.915474686,255.586990774,51.6783914969,0.0
173.4126189,55.4651766183,51.6783914969,0.0
146.735550573,392.203776157,51.6783914969,0.0
55.0449327163,333.759624912,51.6783914969,0.0
450.454087821,458.436787123,51.6783914969,0.0
134.528010329,155.844053227,51.6783914969,0.0
@ 680 10 4.0 0.672120054582
349.721169025,453.006714174,53.0510938163,0.0
71.4984521384,242.624472708,53.0510938163,0.0
56.2115805821,54.5332393132,53.0510938163,0.0
456.284588975,342.320215939,53.0510938163,0.0
176.122569927,267.079467396,53.0510938163,0.0
346.922237513,150.963989855,53.0510938163,0.0
349.255378091,340.977016165,53.0510938163,0.0
53.5649520238,455.907403897,53.0510938163,0.0
455.819874231,143.567942586,53.0510938163,0.0
288.627998512,242.890059199,53.0510938163,0.0
242.230317829,458.501244665,53.0510938163,0.0
231.128278733,149.525281898,53.0510938163,0.0
290.888994132,57.7522194537,53.0510938163,0.0
242.914257927,349.852824366,53.0510938163,0.0
396.936657705,53.2800919948,53.0510938163,0.0
411.699500191,243.610679418,53.0510938163,0.0
176.195254515,55.7254818225,53.0510938163,0.0
149.681156711,404.891684777,53.0510938163,0.0
55.391648837,348.520272627,53.0510938163,0.0
456.009220516,455.428633578,53.0510938163,0.0
120.514170329,146.552624694,53.0510938163,0.0
@ 690 10 4.0 0.70830052551
351.805736598,439.671157563,52.1434229028,0.0
56.2154550286,219.723704925,52.1434229028,0.0
52.4946561239,53.6657774281,52.1434229028,0.0
456.782896335,345.011799463,52.1434229028,0.0
165.960825727,263.92012112,52.1434229028,0.0
351.267818315,158.355417328,52.1434229028,0.0
352.16055396,335.171496243,52.1434229028,0.0
56.4720831278,455.63690256,52.1434229028,0.0
455.686554075,141.830759148,52.1434229028,0.0
291.536251512,248.087097723,52.1434229028,0.0
231.000892983,453.284287469,52.1434229028,0.0
238.830229135,151.520866212,52.1434229028,0.0
293.938440209,56.5096128726,52.1434229028,0.0
245.946703374,342.812316711,52.1434229028,0.0
398.729579581,52.5034420452,52.1434229028,0.0
414.904358145,247.507429721,52.1434229028,0.0
182.574691816,53.6977438081,52.1434229028,0.0
146.711309888,382.508843861,52.1434229028,0.0
58.9511328146,324.449382404,52.1434229028,0.0
454.770258197,456.822245987,52.1434229028,0.0
132.582101487,148.506001153,52.1434229028,0.0
@ 700 10 4.0 0.684270712021
348.610743544,455.721615153,53.6360741661,0.0
55.1185689217,224.807458896,53.6360741661,0.0
56.0827085959,54.5038752718,53.6360741661,0.0
458.226911322,341.870635725,53.6360741661,0.0
164.148845269,253.939663192,53.6360741661,0.0
348.467018179,152.360329795,53.6360741661,0.0
348.856109163,345.178482524,53.6360741661,0.0
54.5882199496,453.521709948,53.6360741661,0.0
458.106076393,155.753333469,53.6360741661,0.0
292.871772607,247.334609717,53.6360741661,0.0
240.205656551,455.745071651,53.6360741661,0.0
235.884429163,153.226906176,53.6360741661,0.0
296.666907809,55.5528164606,53.6360741661,0.0
241.36063316,342.108629594,53.6360741661,0.0
404.0943366,59.8891485222,53.6360741661,0.0
402.949587203,249.887345537,53.6360741661,0.0
189.263330142,56.4120376181,53.6360741661,0.0
148.775025233,397.142860848,53.6360741661,0.0
54.0215197345,342.186162485,53.6360741661,0.0
458.330059262,449.590636067,53.6360741661,0.0
123.638280893,141.688722976,53.6360741661,0.0
@ 710 10 8.0 0.724007131286
347.718733962,451.562791863,53.4229417322,0.0
53.892470615,235.562668328,53.4229417322,0.0
59.4261939609,58.828226312,53.4229417322,0.0
457.450622649,339.700194717,53.4229417322,0.0
171.788875066,256.288628789,53.4229417322,0.0
346.476207191,149.597030501,53.4229417322,0.0
349.072842689,342.222390432,53.4229417322,0.0
55.4231062627,456.779599323,53.4229417322,0.0
457.938661977,148.658584055,53.4229417322,0.0
290.327321868,250.568514546,53.4229417322,0.0
236.782425386,457.777308073,53.4229417322,0.0
239.007538205,155.38131157,53.4229417322,0.0
291.233025827,56.8921004334,53.4229417322,0.0
240.214325924,347.915036083,53.4229417322,0.0
404.9473267,54.9948610582,53.4229417322,0.0
399.146580815,244.409539654,53.4229417322,0.0
172.554922899,55.3114469988,53.4229417322,0.0
146.641124775,400.062334445,53.4229417322,0.0
54.5752708589,345.395366939,53.4229417322,0.0
455.654376206,454.12802295,53.4229417322,0.0
124.692263165,151.192734831,53.4229417322,0.0
@ 720 10 8.0 0.718264622476
344.540276697,444.187066338,52.9153776927,0.0
54.6980523433,229.600835935,52.9153776927,0.0
56.0787059157,59.3200302341,52.9153776927,0.0
458.469410937,344.409686087,52.9153776927,0.0
169.525283325,272.4747085,52.9153776927,0.0
346.359609035,154.441403149,52.9153776927,0.0
350.812487054,338.371358773,52.9153776927,0.0
55.6376892312,457.081866166,52.9153776927,0.0
458.672552715,151.346166253,52.9153776927,0.0
289.16865567,250.972995624,52.9153776927,0.0
232.849964872,458.093092268,52.9153776927,0.0
230.700108676,159.277857179,52.9153776927,0.0
293.864268811,59.7877163248,52.9153776927,0.0
243.994118136,348.62111177,52.9153776927,0.0
405.769840931,58.7716499613,52.9153776927,0.0
408.693870519,246.926145233,52.9153776927,0.0
187.282057259,55.4697730635,52.9153776927,0.0
144.485971892,396.307854288,52.9153776927,0.0
57.3039886878,336.123430962,52.9153776927,0.0
452.083660673,455.3130679,52.9153776927,0.0
124.371415264,149.188026366,52.9153776927,0.0
@ 730 10 8.0 0.704681190377
346.671002375,456.014782931,53.5712260621,0.0
55.9878823388,236.59388322,53.5712260621,0.0
65.2121391999,56.7314224374,53.5712260621,0.0
457.773678317,348.533490023,53.5712260621,0.0
171.947407925,251.231846373,53.5712260621,0.0
347.52662448,153.988595105,53.5712260621,0.0
348.175597179,347.549282177,53.5712260621,0.0
55.8870264934,456.814936649,53.5712260621,0.0
455.603770954,149.532212327,53.5712260621,0.0
299.262624548,250.707017409,53.5712260621,0.0
239.519278806,458.26168227,53.5712260621,0.0
233.551542448,163.493411267,53.5712260621,0.0
287.516708531,60.7619405104,53.5712260621,0.0
236.675382645,338.970716323,53.5712260621,0.0
396.65586681,58.3213830402,53.5712260621,0.0
412.064942558,248.496366951,53.5712260621,0.0
178.719196232,60.0454657255,53.5712260621,0.0
147.243473454,399.329682284,53.5712260621,0.0
54.6169208952,345.345259747,53.5712260621,0.0
457.641025513,456.053193113,53.5712260621,0.0
123.003159488,151.638349173,53.5712260621,0.0
@ 740 10 8.0 0.722257483944
345.655201366,452.985561584,53.5677980579,0.0
60.1985820982,226.266642792,53.5677980579,0.0
65.1324146193,60.1586565124,53.5677980579,0.0
457.43500953,344.368019489,53.5677980579,0.0
171.386451293,262.519785055,53.5677980579,0.0
350.096444191,157.537488314,53.5677980579,0.0
346.901530473,345.600577881,53.5677980579,0.0
54.0463182667,457.171998622,53.5677980579,0.0
457.529484717,153.480487213,53.5677980579,0.0
285.247302568,250.182481812,53.5677980579,0.0
237.463982646,458.346781526,53.5677980579,0.0
240.932243257,150.1854066,53.5677980579,0.0
300.113849557,56.8491496306,53.5677980579,0.0
239.068078305,347.250153562,53.5677980579,0.0
413.98388195,55.2398040728,53.5677980579,0.0
404.435135721,250.839590251,53.5677980579,0.0
192.82612796,54.3071809383,53.5677980579,0.0
143.6799305,396.53310605,53.5677980579,0.0
53.7936935823,335.971810812,53.5677980579,0.0
453.588371799,457.547208981,53.5677980579,0.0
133.62386555,145.93717438,53.5677980579,0.0
@ 750 10 8.0 0.722165052889
347.569751429,453.555505211,53.6851646881,0.0
53.8108093513,236.360489237,53.6851646881,0.0
58.6895183125,55.6936445784,53.6851646881,0.0
458.207689495,340.097189629,53.6851646881,0.0
165.141395724,269.611220086,53.6851646881,0.0
348.367547435,152.915438578,53.6851646881,0.0
347.184107479,341.595023513,53.6851646881,0.0
53.706115676,457.679226128,53.6851646881,0.0
457.576713339,151.11782633,53.6851646881,0.0
288.794904326,248.258153641,53.6851646881,0.0
239.610670283,458.184587027,53.6851646881,0.0
232.337499609,155.964062104,53.6851646881,0.0
290.039167155,54.0961195935,53.6851646881,0.0
239.959234273,350.185857619,53.6851646881,0.0
401.147148974,55.8171729137,53.6851646881,0.0
400.172690522,247.123605608,53.6851646881,0.0
178.956975735,56.1181389745,53.6851646881,0.0
146.450900998,403.367314445,53.6851646881,0.0
56.1729697376,344.77911001,53.6851646881,0.0
456.199789963,457.375751098,53.6851646881,0.0
117.8545901,147.630513758,53.6851646881,0.0
@ 760 10 8.0 0.725333035667
349.937834312,455.634390816,53.3212870217,0.0
54.0390007755,237.967180715,53.3212870217,0.0
66.3708081189,53.547505344,53.3212870217,0.0
457.807661916,344.954823647,53.3212870217,0.0
175.091400769,254.677802145,53.3212870217,0.0
350.571615435,151.113304816,53.3212870217,0.0
349.598278889,343.220398572,53.3212870217,0.0
55.2915255504,455.259214456,53.3212870217,0.0
457.402737507,152.528741307,53.3212870217,0.0
288.955438154,246.603075887,53.3212870217,0.0
242.519807829,455.489837073,53.3212870217,0.0
236.5254378,151.1638291,53.3212870217,0.0
297.58733149,57.8176993007,53.3212870217,0.0
240.178550853,343.48295396,53.3212870217,0.0
410.511125352,56.532090322,53.3212870217,0.0
404.909909679,246.837610918,53.3212870217,0.0
178.231007302,57.5509111556,53.3212870217,0.0
148.415608489,402.463007934,53.3212870217,0.0
57.2175970317,344.991507945,53.3212870217,0.0
458.477395655,456.074508659,53.3212870217,0.0
129.325549093,153.445331434,53.3212870217,0.0
@ 770 10 8.0 0.715533753962
352.042760864,446.401841306,52.9990591795,0.0
55.0257882094,234.324097658,52.9990591795,0.0
62.3261692911,61.598026245,52.9990591795,0.0
455.480383272,340.53137257,52.9990591795,0.0
160.788368744,264.669202514,52.9990591795,0.0
340.205704679,149.186098457,52.9990591795,0.0
341.502891352,340.265288581,52.9990591795,0.0
54.2862303596,458.018478755,52.9990591795,0.0
457.483503757,158.357743012,52.9990591795,0.0
280.549969868,240.568248438,52.9990591795,0.0
241.11574298,455.410898741,52.9990591795,0.0
229.749423523,146.197412264,52.9990591795,0.0
289.324047251,54.6745489739,52.9990591795,0.0
235.275562315,344.200927568,52.9990591795,0.0
414.039790327,57.3950700045,52.9990591795,0.0
397.722120695,249.69580892,52.9990591795,0.0
172.692276226,54.6170857444,52.9990591795,0.0
147.484195455,404.547678546,52.9990591795,0.0
56.2100569045,344.937979561,52.9990591795,0.0
457.943838563,456.534646234,52.9990591795,0.0
123.234844478,151.668948637,52.9990591795,0.0
@ 780 10 8.0 0.706911747901
347.081413329,455.008307619,53.4348942563,0.0
53.9977860422,235.099656924,53.4348942563,0.0
58.3266424449,62.384541747,53.4348942563,0.0
457.874785683,348.065437059,53.4348942563,0.0
160.313325393,271.356659739,53.4348942563,0.0
346.15589615,149.37513542,53.4348942563,0.0
350.269859192,343.058529221,53.4348942563,0.0
56.2306072553,454.260397473,53.4348942563,0.0
455.167739272,154.612029903,53.4348942563,0.0
294.886662197,247.072756233,53.4348942563,0.0
233.924938658,457.974011423,53.4348942563,0.0
236.477342343,157.271778235,53.4348942563,0.0
287.992043711,56.9872857541,53.4348942563,0.0
242.729299568,344.504644196,53.4348942563,0.0
405.765638926,57.5569270411,53.4348942563,0.0
402.161502929,248.955819671,53.4348942563,0.0
171.533286374,56.952340157,53.4348942563,0.0
146.847160765,395.843257584,53.4348942563,0.0
53.7122055963,343.271629468,53.4348942563,0.0
457.123910659,455.110261131,53.4348942563,0.0
127.018295457,156.59541728,53.4348942563,0.0
@ 790 10 8.0 0.718586058748
349.601413699,456.504842182,53.5182429199,0.0
55.4437806539,238.748676168,53.5182429199,0.0
63.5008341291,56.9795720886,53.5182429199,0.0
453.206287616,346.267188141,53.5182429199,0.0
182.10650229,245.142587719,53.5182429199,0.0
348.519405306,151.823894888,53.5182429199,0.0
344.054389957,349.022523429,53.5182429199,0.0
55.3042605839,457.667097828,53.5182429199,0.0
456.221874491,148.092461654,53.5182429199,0.0
295.729690633,246.968594723,53.5182429199,0.0
242.336851363,456.102068561,53.5182429199,0.0
234.588750124,151.26680162,53.5182429199,0.0
291.522281086,58.4363362105,53.5182429199,0.0
237.515071762,337.733608056,53.5182429199,0.0
400.711454468,53.6478442896,53.5182429199,0.0
404.250913388,246.868228369,53.5182429199,0.0
170.546905167,53.8630213581,53.5182429199,0.0
148.474367608,401.286035319,53.5182429199,0.0
53.6280035704,347.166050717,53.5182429199,0.0
458.382326814,457.250369175,53.5182429199,0.0
118.093164425,151.213330591,53.5182429199,0.0
@ 800 10 8.0 0.720829532782
348.208495098,452.345429389,53.6272187021,0.0
54.4103033138,232.607854863,53.6272187021,0.0
56.0602466388,62.5681712624,53.6272187021,0.0
456.730484107,344.502443009,53.6272187021,0.0
169.208415995,255.996798805,53.6272187021,0.0
349.398210853,150.742121716,53.6272187021,0.0
347.978438649,343.269125722,53.6272187021,0.0
55.0044681685,455.698521826,53.6272187021,0.0
457.261910532,150.192500489,53.6272187021,0.0
292.129040196,248.566611807,53.6272187021,0.0
239.889452332,457.012233842,53.6272187021,0.0
241.099941916,154.079415861,53.6272187021,0.0
292.149380691,57.9666462844,53.6272187021,0.0
240.099542169,344.39368983,53.6272187021,0.0
402.93805846,54.5104090843,53.6272187021,0.0
404.582950621,245.122897297,53.6272187021,0.0
184.176279318,54.9769060925,53.6272187021,0.0
148.088041326,401.377186235,53.6272187021,0.0
54.226574422,341.123031568,53.6272187021,0.0
457.486545336,452.547315484,53.6272187021,0.0
127.330499067,153.502738114,53.6272187021,0.0
@ 810 10 12.0 0.723768079867
349.409503756,456.758881013,53.8598025747,0.0
55.6628820013,227.581406821,53.8598025747,0.0
54.2102508906,54.1065449506,53.8598025747,0.0
457.842703415,350.218787192,53.8598025747,0.0
168.706768258,246.389780678,53.8598025747,0.0
349.492380256,154.904969163,53.8598025747,0.0
346.588656632,347.649272365,53.8598025747,0.0
56.1443406555,457.114217982,53.8598025747,0.0
457.659090723,150.717628072,53.8598025747,0.0
295.45180544,248.303202378,53.8598025747,0.0
239.124237226,457.958422201,53.8598025747,0.0
236.709773769,154.22592811,53.8598025747,0.0
297.890938501,58.9203375441,53.8598025747,0.0
238.509573128,340.218773589,53.8598025747,0.0
407.756835402,54.8076766513,53.8598025747,0.0
406.818276129,246.384982055,53.8598025747,0.0
189.124401114,54.8720646674,53.8598025747,0.0
146.008881539,396.666199968,53.8598025747,0.0
55.4222455486,337.484297992,53.8598025747,0.0
457.758684206,457.953727402,53.8598025747,0.0
122.154433966,139.348337909,53.8598025747,0.0
@ 820 10 12.0 0.730059729123
346.963969346,457.870664309,54.0817449151,0.0
56.8115842697,231.028124101,54.0817449151,0.0
55.3357171078,54.244204419,54.0817449151,0.0
457.503081403,343.228589517,54.0817449151,0.0
181.184378508,244.546535836,54.0817449151,0.0
347.952982227,152.336134823,54.0817449151,0.0
349.300212475,345.304643627,54.0817449151,0.0
54.7878757197,456.859341003,54.0817449151,0.0
457.307087163,154.674569167,54.0817449151,0.0
292.078746282,245.466553575,54.0817449151,0.0
238.682275802,457.908813659,54.0817449151,0.0
239.011481973,150.576930002,54.0817449151,0.0
297.133088287,55.2511667136,54.0817449151,0.0
239.336774001,342.824717435,54.0817449151,0.0
410.932654944,54.6029162761,54.0817449151,0.0
401.723536152,249.550351563,54.0817449151,0.0
184.020944793,54.6197650619,54.0817449151,0.0
146.311310084,398.663075387,54.0817449151,0.0
54.4492630829,341.539356947,54.0817449151,0.0
456.987763558,457.580060335,54.0817449151,0.0
128.435642603,148.751691774,54.0817449151,0.0
@ 830 10 12.0 0.736088901212
349.983850497,455.632069181,53.6723123476,0.0
54.0981652862,237.616654575,53.6723123476,0.0
54.1714323153,65.6477691895,53.6723123476,0.0
456.019435692,342.553193606,53.6723123476,0.0
160.000491092,261.87927663,53.6723123476,0.0
346.094042159,150.129403154,53.6723123476,0.0
345.378558884,347.991568958,53.6723123476,0.0
53.6850520004,457.20452639,53.6723123476,0.0
458.247635321,151.041517551,53.6723123476,0.0
295.564371589,250.678240273,53.6723123476,0.0
242.550020695,457.936763695,53.6723123476,0.0
237.415643266,156.189277643,53.6723123476,0.0
292.368037837,54.9168476957,53.6723123476,0.0
237.484864635,344.223043586,53.6723123476,0.0
404.79869943,55.2108158906,53.6723123476,0.0
403.344465345,247.481332897,53.6723123476,0.0
167.365016988,53.9510812843,53.6723123476,0.0
148.054142022,405.492383061,53.6723123476,0.0
53.7600241129,348.219492719,53.6723123476,0.0
457.513639926,456.192785524,53.6723123476,0.0
124.854884747,156.116858918,53.6723123476,0.0
@ 840 10 12.0 0.724985784753
348.298974086,452.439393365,53.9960567366,0.0
56.5201336321,231.330267882,53.9960567366,0.0
54.9804563157,58.6782547914,53.9960567366,0.0
457.678303277,349.722275991,53.9960567366,0.0
175.723352703,248.915734162,53.9960567366,0.0
348.281501917,151.184215954,53.9960567366,0.0
345.622376401,344.027927452,53.9960567366,0.0
54.1546812061,457.76667148,53.9960567366,0.0
457.652726001,157.322996441,53.9960567366,0.0
291.090333363,245.70344466,53.9960567366,0.0
240.10005697,456.681028966,53.9960567366,0.0
235.922283672,152.500718823,53.9960567366,0.0
296.80460209,55.2488077571,53.9960567366,0.0
237.620590069,339.896153174,53.9960567366,0.0
406.967520223,58.1234879283,53.9960567366,0.0
404.129000337,253.168494796,53.9960567366,0.0
185.973198073,54.6837486874,53.9960567366,0.0
147.152484908,400.395301732,53.9960567366,0.0
54.5785513291,341.383695823,53.9960567366,0.0
457.992741437,457.85187918,53.9960567366,0.0
124.112325246,144.898711843,53.9960567366,0.0
@ 850 10 12.0 0.733758201664
344.804627484,453.776874952,53.7563511987,0.0
54.4801517368,230.481534976,53.7563511987,0.0
55.4677297763,58.6192237769,53.7563511987,0.0
457.695588551,339.69182222,53.7563511987,0.0
152.451142245,277.475066451,53.7563511987,0.0
348.104857812,153.079529443,53.7563511987,0.0
347.566220318,343.341920376,53.7563511987,0.0
54.3299708022,457.290517871,53.7563511987,0.0
458.012474545,155.16246849,53.7563511987,0.0
287.484297998,242.772124671,53.7563511987,0.0
237.020533906,455.944221346,53.7563511987,0.0
235.888573311,148.091998596,53.7563511987,0.0
295.483951116,56.8984872691,53.7563511987,0.0
239.884477863,341.893134377,53.7563511987,0.0
409.015246672,58.7714845659,53.7563511987,0.0
400.480338245,247.840769401,53.7563511987,0.0
180.363571125,54.4392000416,53.7563511987,0.0
144.445794678,398.54264625,53.7563511987,0.0
54.1287291657,339.782893082,53.7563511987,0.0
452.698868704,456.768074982,53.7563511987,0.0
123.931321515,146.95193948,53.7563511987,0.0
@ 860 10 12.0 0.727257893732
348.079130204,456.161498256,53.91219913,0.0
54.6263423518,227.173173551,53.91219913,0.0
67.144165299,54.1492135497,53.91219913,0.0
456.672195551,345.60266763,53.91219913,0.0
181.020667845,249.387537466,53.91219913,0.0
348.927556784,153.610408125,53.91219913,0.0
348.664576915,347.036150557,53.91219913,0.0
54.696114921,455.771972739,53.91219913,0.0
457.779333566,150.037762219,53.91219913,0.0
294.175964409,249.856268793,53.91219913,0.0
239.693059396,458.04625457,53.91219913,0.0
240.811763909,153.910569154,53.91219913,0.0
299.006318442,55.3466189741,53.91219913,0.0
240.758309406,345.011243868,53.91219913,0.0
407.877922038,54.3133259283,53.91219913,0.0
402.096178319,249.504592023,53.91219913,0.0
190.246832502,54.9549138781,53.91219913,0.0
147.959539694,400.679328362,53.91219913,0.0
55.2734192123,339.991249456,53.91219913,0.0
457.208363972,457.0121991,53.91219913,0.0
131.747809931,151.049047123,53.91219913,0.0
@ 870 10 12.0 0.731480871416
350.17117333,455.308216469,53.8623453858,0.0
54.930302999,234.123158267,53.8623453858,0.0
59.6572303441,64.026786469,53.8623453858,0.0
455.986081668,348.108457411,53.8623453858,0.0
167.334328303,257.832166408,53.8623453858,0.0
347.06136888,155.242761643,53.8623453858,0.0
347.95767701,345.503029737,53.8623453858,0.0
53.9905778617,452.95276783,53.8623453858,0.0
457.498611392,156.616121624,53.8623453858,0.0
290.676571261,247.176895677,53.8623453858,0.0
242.361856159,451.965182813,53.8623453858,0.0
239.350137489,150.006083558,53.8623453858,0.0
294.100250894,54.572184087,53.8623453858,0.0
239.959481987,343.555341523,53.8623453858,0.0
413.310108731,56.5243870883,53.8623453858,0.0
402.640334738,249.358124748,53.8623453858,0.0
174.28784479,55.2185059609,53.8623453858,0.0
147.694102951,399.40264079,53.8623453858,0.0
55.8079359011,342.246894358,53.8623453858,0.0
457.956138107,457.743379674,53.8623453858,0.0
128.428466769,152.949964906,53.8623453858,0.0
@ 880 10 12.0 0.730128665423
347.518407306,454.683090456,53.7802254996,0.0
55.4976089856,231.629713946,53.7802254996,0.0
58.9908785987,56.9443985519,53.7802254996,0.0
457.846430271,348.906082328,53.7802254996,0.0
174.070282038,243.23484174,53.7802254996,0.0
346.17438467,150.19618632,53.7802254996,0.0
347.886067569,346.973156398,53.7802254996,0.0
55.2283187695,456.549868125,53.7802254996,0.0
454.620013064,151.101377624,53.7802254996,0.0
294.898996985,249.525769566,53.7802254996,0.0
239.236269,456.634026433,53.7802254996,0.0
231.949057691,152.327218319,53.7802254996,0.0
293.51541267,54.9167680097,53.7802254996,0.0
237.877464617,341.929341373,53.7802254996,0.0
406.63276622,54.4392855826,53.7802254996,0.0
405.976504701,251.070374006,53.7802254996,0.0
178.883566718,54.3133785451,53.7802254996,0.0
147.1934874,399.772382479,53.7802254996,0.0
56.1944867884,341.800889763,53.7802254996,0.0
456.003961009,457.712941439,53.7802254996,0.0
122.547081409,146.871277356,53.7802254996,0.0
@ 890 10 12.0 0.727904017547
348.347974154,446.633705027,53.8756741839,0.0
54.8255981574,236.455795581,53.8756741839,0.0
56.1666678993,56.4075904617,53.8756741839,0.0
456.111101964,336.719710624,53.8756741839,0.0
172.25336779,251.67649129,53.8756741839,0.0
343.872603586,149.494044979,53.8756741839,0.0
348.089274971,337.864109627,53.8756741839,0.0
54.6945924415,453.12439615,53.8756741839,0.0
456.44392131,146.265893747,53.8756741839,0.0
289.475538448,244.8899474,53.8756741839,0.0
240.197483067,456.241752796,53.8756741839,0.0
232.262478323,151.359546789,53.8756741839,0.0
288.617094984,56.6463013267,53.8756741839,0.0
239.447651736,340.339775106,53.8756741839,0.0
397.233473186,53.9100455814,53.8756741839,0.0
400.87326407,243.403377672,53.8756741839,0.0
180.388412964,55.9619888037,53.8756741839,0.0
148.095691167,399.098947619,53.8756741839,0.0
54.7395802452,344.51678272,53.8756741839,0.0
456.551654915,457.680936499,53.8756741839,0.0
122.295172277,151.295317908,53.8756741839,0.0
@ 900 10 12.0 0.730490066012
