10 10 0.1 0.101639188457 0.000318216132214 230.655623286
20 10 0.1 0.102373161223 0.000476796530936 116.457391929
30 10 0.1 0.104140779508 0.000702502729026 89.0816097815
40 10 0.1 0.104342551933 0.000516250475346 127.222845933
50 10 0.1 0.100442140458 0.00108638600384 59.9876859236
60 10 0.1 0.0979794118986 0.000635040614445 107.02168186
70 10 0.1 0.101419116167 0.00140929840964 123.518871311
80 10 0.1 0.0983603578836 0.000957612382075 137.648033595
90 10 0.1 0.0989878209739 0.000946983666573 83.4999483309
100 10 0.1 0.0978851024681 0.000751419569468 79.6970779696
110 10 0.1 0.0989073802245 0.00094464586652 41.1885668231
120 10 0.1 0.101833956524 0.00122080787723 80.199673874
130 10 0.1 0.0997765603926 0.000809606570053 73.2596542777
140 10 0.1 0.104103468552 0.0019958363367 60.7103999425
150 10 0.1 0.0992098009591 0.00185078777556 82.4203177075
160 10 0.1 0.0982406461656 0.00152615539715 70.1030725241
170 10 0.1 0.106508008946 0.00297458812829 99.0378042421
180 10 0.1 0.110276832918 0.00159257165405 78.630658656
190 10 0.1 0.11723084306 0.00300439615516 90.9037689264
200 10 0.1 0.118476189227 0.00146318550366 76.8814554949
210 10 0.1 0.121267292053 0.000990693524342 77.6803885735
220 10 0.1 0.128032548499 0.00183744586238 108.226269445
230 10 0.1 0.133933623072 0.0022570726683 75.777066361
240 10 0.1 0.132255528174 0.00236677045796 103.80459133
250 10 0.1 0.135384312013 0.00331585850705 52.7768128794
260 10 0.1 0.143751022148 0.00373475956079 42.4262790887
270 10 0.1 0.149571241034 0.00409836417899 66.243678642
280 10 0.1 0.176916676079 0.0108530927393 43.5801421416
290 10 0.1 0.193055492768 0.00476807485279 32.3468612427
300 10 0.1 0.204496955347 0.00606046850778 40.9123233021
310 10 0.1 0.199445144727 0.00413761745272 39.6864174498
320 10 0.1 0.228020914061 0.00804769864477 24.809168192
330 10 0.1 0.220378110253 0.00516236364184 28.3538717735
340 10 0.1 0.233110723407 0.0108308868974 15.686562487
350 10 0.1 0.217289406714 0.00664372393826 50.2337472236
360 10 0.1 0.236827418847 0.0127460906112 37.0002345244
370 10 0.1 0.277502351081 0.0121764485256 36.8613988409
380 10 0.1 0.232821342518 0.0153894138382 29.3646832176
390 10 0.1 0.234710733302 0.00754772971159 33.7077559151
400 10 0.1 0.208861281098 0.00745300907265 43.8975672606
410 10 0.1 0.213455804156 0.00547744830544 52.7982078234
420 10 0.1 0.274041581986 0.0199780972771 40.8959397505
430 10 0.1 0.206094919794 0.017905295578 39.5474431959
440 10 0.1 0.205371529313 0.0137738373123 42.6333584844
450 10 0.1 0.236783416557 0.0104804669529 25.8381131415
460 10 0.1 0.24134607502 0.0106702512573 26.0555872385
470 10 0.1 0.245229481174 0.0121076283397 20.9443181418
480 10 0.1 0.20046070196 0.0236275129478 21.9960139773
490 10 0.1 0.209257058765 0.00835415133208 51.6785076875
500 10 0.1 0.230283911952 0.0113610023199 29.2547001498
510 10 0.1 0.205594907624 0.0171045490202 34.4706446861
520 10 0.1 0.175504542631 0.0105588062063 34.9273684766
530 10 0.1 0.196492107703 0.0151311025514 28.0417957195
540 10 0.1 0.187481974717 0.00706238740019 62.8437991926
550 10 0.1 0.23018701033 0.01617986623 40.6156849327
560 10 0.1 0.220992121956 0.0344887298151 31.2293886337
570 10 0.1 0.265547193732 0.0126631153039 12.5009578407
580 10 0.1 0.265955864953 0.0179178262269 40.2041453705
590 10 0.1 0.206497021833 0.0196603811614 44.2653371061
600 10 0.1 0.251638244651 0.0245738599728 35.146321246
610 10 0.1 0.254973667388 0.0304460901111 34.9700431824
620 10 0.1 0.21926812953 0.0193709134925 33.3592285238
630 10 0.1 0.212058804584 0.0240115875472 45.8579704289
640 10 0.1 0.186520762084 0.0152891129594 27.6615073885
650 10 0.1 0.211585542586 0.0137698944025 33.8340703584
660 10 0.1 0.202849073156 0.0218699611359 46.8166876731
670 10 0.1 0.157323122523 0.0569089336748 52.3409960558
680 10 0.1 0.227934601438 0.0157948744233 43.0576530098
690 10 0.1 0.275818412102 0.0317870902624 36.2048622498
700 10 0.1 0.306187665984 0.0263109478856 27.3931443202
710 10 0.1 0.308392836959 0.0250351197774 30.5007233094
720 10 0.1 0.27523110974 0.0296579192143 33.4009906449
730 10 0.1 0.210337984788 0.0427443531036 39.8410220463
740 10 0.1 0.208576570608 0.0428249430791 42.075969148
750 10 0.1 0.253330707484 0.0309279192621 27.6908587416
760 10 0.1 0.241249832422 0.0230628989744 40.8286828419
770 10 0.1 0.266425680898 0.0324789365931 24.0932613249
780 10 0.1 0.242095084237 0.0225603941214 49.398158036
790 10 0.1 0.228701574763 0.0319257886945 24.3271548011
800 10 0.1 0.310260532416 0.0475425980583 29.738534016
810 10 0.1 0.251336118445 0.0509730589467 39.3610322062
820 10 0.1 0.290859266918 0.0325458021355 30.448822284
830 10 0.1 0.234261065962 0.0363201932509 32.6900107581
840 10 0.1 0.248015201537 0.0326971100542 25.1543851669
850 10 0.1 0.322728324006 0.0436319339855 16.9065357688
860 10 0.1 0.228503526631 0.0383539128507 43.1452809722
870 10 0.1 0.246373333861 0.0181715344852 43.4750661599
880 10 0.1 0.236156038477 0.0445211977083 38.0486686519
890 10 0.1 0.248699679514 0.0334610944116 36.6524042513
900 10 0.1 0.230190554379 0.0463310554042 33.4743641827
910 10 0.1 0.263370952118 0.0360863202134 29.2791813817
920 10 0.1 0.257477700123 0.026212219406 21.9821073007
930 10 0.1 0.221421584161 0.0417961574797 37.8522570055
940 10 0.1 0.215398868726 0.0405550596777 42.1184278682
950 10 0.1 0.253102117472 0.0298070364493 33.3800446821
960 10 0.1 0.312694732859 0.0505399818985 23.0533265465
970 10 0.1 0.238459462801 0.0401899466706 34.1548700555
980 10 0.1 0.217328098925 0.0436901152747 28.5799558162
990 10 0.1 0.369322233512 0.0491415404616 18.4080742628
1000 10 0.1 0.271214338434 0.0415662951418 33.2180860244
1010 10 0.1 0.326742370982 0.0561334799069 22.1150147069
1020 10 0.1 0.238356239288 0.0295281198792 22.424947374
1030 10 0.1 0.335308239099 0.0342341047733 17.9999355773
1040 10 0.1 0.301342122472 0.044134284247 18.2764645152
1050 10 0.1 0.219374560235 0.0417490993748 36.0013008302
1060 10 0.1 0.205073304443 0.0406967918963 31.6020641576
1070 10 0.1 0.204699661916 0.0248836888913 31.2904210479
1080 10 0.1 0.240073381978 0.0271238728896 13.0923138109
1090 10 0.1 0.237908906388 0.0329193129179 29.181990035
1100 10 0.1 0.219420110701 0.0426063823573 21.6746104267
1110 10 0.1 0.256914489712 0.0319377721001 34.464678979
1120 10 0.1 0.285225212142 0.0369086660117 31.0031624583
1130 10 0.1 0.289879527056 0.0325381418849 38.7753042997
1140 10 0.1 0.24583414796 0.0401773324596 25.7640700341
1150 10 0.1 0.313628816332 0.0435096347167 26.7009554751
1160 10 0.1 0.225576254885 0.0375539877013 24.4176109857
1170 10 0.1 0.326172629617 0.059911543134 18.71289302
1180 10 0.1 0.199419563227 0.0491211705511 37.8790702474
1190 10 0.1 0.260530417802 0.024434282389 36.6851416158
1200 10 0.1 0.258683510108 0.0569353554322 35.1044126848
1210 10 0.1 0.220683925532 0.034215281491 41.6547688581
1220 10 0.1 0.21744285177 0.0340146999899 37.6302537606
1230 10 0.1 0.257299556872 0.0305503920405 12.5027188783
1240 10 0.1 0.230335352524 0.035271456132 32.0764244015
1250 10 0.1 0.22781474673 0.0328051381959 45.0926860509
1260 10 0.1 0.229517891656 0.0278851304484 25.5786310841
1270 10 0.1 0.270602795387 0.0450997926862 30.5614157548
1280 10 0.1 0.25135195686 0.0401294482319 30.2516777818
1290 10 0.1 0.251953061385 0.0234809692943 37.7363959417
1300 10 0.1 0.201290206508 0.0337738534172 31.7735431519
1310 10 0.1 0.147431900797 0.0554586573027 62.2988280596
1320 10 0.1 0.337616654301 0.0502659984802 27.7292014394
1330 10 0.1 0.267671404961 0.025137908474 28.9672030659
1340 10 0.1 0.231335807562 0.0394806008114 38.57771963
1350 10 0.1 0.295570554555 0.0501639273828 26.2535486401
1360 10 0.1 0.232795878528 0.0384406695703 34.1661066828
1370 10 0.1 0.280309782411 0.0441902987097 20.094379672
1380 10 0.1 0.236306537023 0.0399169764147 33.6776505068
1390 10 0.1 0.228969389618 0.0318632251456 39.113974998
1400 10 0.1 0.189779065302 0.0492929394394 43.1043593871
1410 10 0.1 0.216557169307 0.0392603111401 53.4506908821
1420 10 0.1 0.271743729175 0.0378275096567 35.6074355677
1430 10 0.1 0.247039464996 0.0454222189186 47.7703603774
1440 10 0.1 0.275703674252 0.0291171242596 27.0871765201
1450 10 0.1 0.234994101845 0.0251019561995 32.6887257396
1460 10 0.1 0.180327068155 0.0458128866945 59.5004371425
1470 10 0.1 0.27230751571 0.0376528903922 37.727077598
1480 10 0.1 0.258926945166 0.036063944821 38.6231395572
1490 10 0.1 0.2231246912 0.0332056469166 18.4340902681
1500 10 0.1 0.231000632985 0.040155388768 46.1050743081
1510 10 0.1 0.176526269306 0.0500216593347 43.0172567585
1520 10 0.1 0.273054335392 0.022082485984 41.7958896802
1530 10 0.1 0.249084074582 0.0354957797631 32.8406644969
1540 10 0.1 0.215526850619 0.0356477932433 33.641780145
1550 10 0.1 0.192089724972 0.0441892504791 43.8331920793
1560 10 0.1 0.240588362796 0.0248629292831 46.2104874545
1570 10 0.1 0.259534005793 0.0399554027629 34.0891479961
1580 10 0.1 0.20365959249 0.0499625488723 44.7256667165
1590 10 0.1 0.236733622147 0.0499346781176 30.012139897
1600 10 0.1 0.175189476491 0.0645553044688 37.6823361033
1610 10 0.1 0.175141589412 0.0479501484772 50.4794551048
1620 10 0.1 0.263606172852 0.0365261478787 24.6120815461
1630 10 0.1 0.254214874912 0.0305472855162 29.1687976817
1640 10 0.1 0.286133159067 0.0243760257514 20.9183698048
1650 10 0.1 0.178428477415 0.0272303418823 35.6027032936
1660 10 0.1 0.196951337924 0.0340819251292 54.3071476985
1670 10 0.1 0.348998866106 0.0538323954273 25.5264807498
1680 10 0.1 0.279496343381 0.0366338540155 29.3907273917
1690 10 0.1 0.249633911938 0.0460232480967 22.4871219091
1700 10 0.1 0.205122100868 0.0284791886078 24.6243511347
1710 10 0.1 0.240560221352 0.0316383996983 36.2709056951
1720 10 0.1 0.163918587637 0.0654247561415 32.146172686
1730 10 0.1 0.282550223578 0.0393619949338 23.5409430314
1740 10 0.1 0.213647924547 0.0407111590995 33.3721440483
1750 10 0.1 0.181461240247 0.0400648108559 53.5861368961
1760 10 0.1 0.165732015691 0.0356762261504 27.5324427094
1770 10 0.1 0.248674161862 0.0265515444635 38.522660755
1780 10 0.1 0.209951135591 0.0449649224386 50.8517343743
1790 10 0.1 0.240564655838 0.0350290074577 27.639538516
1800 10 0.1 0.307857132046 0.0368138826261 18.9109693125
1810 10 0.1 0.246188625906 0.0343122993316 35.2725267948
1820 10 0.1 0.297347336339 0.0438274104376 18.3645676054
1830 10 0.1 0.247471107644 0.0414711836075 47.0698344975
1840 10 0.1 0.222757104396 0.0398051286959 29.4945407681
1850 10 0.1 0.230355584829 0.0572996197262 45.0811145074
1860 10 0.1 0.278988718943 0.0229400331534 28.8185941664
1870 10 0.1 0.190847641291 0.0386457018757 29.8456647757
1880 10 0.1 0.210568631505 0.0424337080228 36.9932305002
1890 10 0.1 0.258134501602 0.0440563280706 26.5356093592
1900 10 0.1 0.20865345152 0.0445272052883 24.5706365421
1910 10 0.1 0.375624099427 0.0514540630033 30.6129530082
1920 10 0.1 0.173107167686 0.0456136752703 44.4852814198
1930 10 0.1 0.220939433959 0.0362639465589 48.384752773
1940 10 0.1 0.268376238412 0.0279964206315 34.3064055915
1950 10 0.1 0.192742285355 0.0266626151373 37.2580493889
1960 10 0.1 0.255573125948 0.0465125508043 27.602909242
1970 10 0.1 0.323213629635 0.053311828135 20.8064931412
1980 10 0.1 0.209620077337 0.0432961771534 49.2345850309
1990 10 0.1 0.181763529631 0.0307590943307 36.1005980724
2000 10 0.1 0.17492844027 0.0391383675824 24.2562280525
2010 10 0.2 0.253366953425 0.0528978954797 18.627144941
2020 10 0.2 0.380019156489 0.031048263678 26.9842564321
2030 10 0.2 0.323594306279 0.0469160466677 38.2680667979
2040 10 0.2 0.265532900591 0.040135031504 38.8632365422
2050 10 0.2 0.285104255703 0.0277233448614 23.8703618833
2060 10 0.2 0.379848760155 0.042031737961 23.9244325165
2070 10 0.2 0.257177297719 0.044210656906 32.4492777585
2080 10 0.2 0.348865055557 0.0532714582964 35.5500117919
2090 10 0.2 0.328208083383 0.0480418930503 26.4725200453
2100 10 0.2 0.303776161988 0.0400823573339 31.908985598
2110 10 0.2 0.319500323384 0.0367306162149 22.0210275762
2120 10 0.2 0.222854511478 0.0294010019446 17.909725173
2130 10 0.2 0.332074637227 0.0241791405517 31.8267382924
2140 10 0.2 0.29203251664 0.0263038159024 32.2150741223
2150 10 0.2 0.348807648884 0.0519939760654 16.2735238909
2160 10 0.2 0.35536921565 0.0314809722771 14.6545558454
2170 10 0.2 0.339365962104 0.0352825858655 24.8107912195
2180 10 0.2 0.364949300075 0.0242899716083 17.2770707906
2190 10 0.2 0.350082072888 0.0354643703651 27.2791729366
2200 10 0.2 0.358326038184 0.0498563512069 20.612654148
2210 10 0.2 0.281486248105 0.050282780742 37.5554707561
2220 10 0.2 0.325141066433 0.0314019765024 27.8488406383
2230 10 0.2 0.389679976382 0.0501649508237 22.775115562
2240 10 0.2 0.256334890058 0.0484465891494 18.8496892199
2250 10 0.2 0.389096881206 0.0508752113075 31.8965626882
2260 10 0.2 0.332298783634 0.0441145735246 19.1593287035
2270 10 0.2 0.335313401198 0.0287923495468 24.5438055429
2280 10 0.2 0.331349029199 0.0506933793153 26.9131727652
2290 10 0.2 0.381804888442 0.0232635436564 18.8961379333
2300 10 0.2 0.297600785039 0.0614774067159 30.7255533566
2310 10 0.2 0.333777390224 0.0348492469108 25.2989363351
2320 10 0.2 0.321520731458 0.0386285460415 25.0090027186
2330 10 0.2 0.389735929886 0.0421066661584 25.528852923
2340 10 0.2 0.274899789729 0.057190028261 38.372677804
2350 10 0.2 0.402820271811 0.0471575780007 16.8799836798
2360 10 0.2 0.347470883031 0.0566392892945 24.3315781388
2370 10 0.2 0.334883037703 0.0370222581874 17.2997319727
2380 10 0.2 0.277285587019 0.0277943120529 35.6005188505
2390 10 0.2 0.312906738963 0.0349817939202 19.7706505618
2400 10 0.2 0.381597029902 0.0442147229316 17.3059148876
2410 10 0.2 0.381877811006 0.0430825022403 23.2735277845
2420 10 0.2 0.435189119157 0.0538717217005 28.6371873364
2430 10 0.2 0.296982647679 0.0375363193932 35.3590520784
2440 10 0.2 0.352441620289 0.0369265531979 31.7618229002
2450 10 0.2 0.302331934281 0.0259342548408 30.6565081167
2460 10 0.2 0.264596626471 0.0472239010415 27.7846541288
2470 10 0.2 0.354711364267 0.0459804465485 27.7577991223
2480 10 0.2 0.281234363597 0.0405326567342 27.3024632498
2490 10 0.2 0.301732614305 0.0439639278188 26.5469289942
2500 10 0.2 0.354910379528 0.0410854106156 23.1813219919
2510 10 0.2 0.308471358634 0.0325380624182 27.3218558679
2520 10 0.2 0.28216126624 0.0397158438689 12.3410686037
2530 10 0.2 0.329734977027 0.0482193145723 22.725016945
2540 10 0.2 0.272363197605 0.0268666229605 22.302658297
2550 10 0.2 0.350802104472 0.0216121593439 29.3245975546
2560 10 0.2 0.281547075488 0.0231174148664 34.0614627479
2570 10 0.2 0.228715978688 0.0535243324249 41.4780362689
2580 10 0.2 0.285367371563 0.023296480139 20.1277831357
2590 10 0.2 0.31770484541 0.0354787985865 22.2990021366
2600 10 0.2 0.280953216044 0.0383149115792 40.7262233769
2610 10 0.2 0.298049624474 0.0480833847886 38.224125361
2620 10 0.2 0.292634848718 0.0323299651406 29.0286024187
2630 10 0.2 0.353952916465 0.0502487326226 17.8390259978
2640 10 0.2 0.405808764341 0.0302632516293 19.3679991943
2650 10 0.2 0.31047507645 0.0456313375116 21.0208778958
2660 10 0.2 0.335897217141 0.0332041857959 25.2562297367
2670 10 0.2 0.412923445573 0.0442745664915 18.0318276931
2680 10 0.2 0.277340726446 0.0504993608764 28.0253588426
2690 10 0.2 0.395666250766 0.0471614983035 23.5013085136
2700 10 0.2 0.220773916957 0.0293347424367 33.7000835556
2710 10 0.2 0.304325897253 0.0401438497016 24.3642961161
2720 10 0.2 0.364681324665 0.0274872140086 19.4890360636
2730 10 0.2 0.281395156812 0.0517935877864 38.4621297011
2740 10 0.2 0.264339323574 0.0414322217946 20.1715415282
2750 10 0.2 0.285886948038 0.0197937980091 31.3873972765
2760 10 0.2 0.375208322994 0.0412869480277 21.4070244776
2770 10 0.2 0.292745253842 0.0313253652858 29.6347621971
2780 10 0.2 0.391405726892 0.0487937508776 18.996084399
2790 10 0.2 0.354912083908 0.0282799669399 20.9630284485
2800 10 0.2 0.408433830888 0.0410177819943 20.5421565457
2810 10 0.2 0.286303722107 0.0425919856231 28.086100292
2820 10 0.2 0.474438358026 0.0668500588055 15.4280942352
2830 10 0.2 0.339556479838 0.0351153346467 14.7450878625
2840 10 0.2 0.284160334107 0.0413952740195 38.7013981342
2850 10 0.2 0.260766878369 0.0312677226957 15.308917402
2860 10 0.2 0.295181750423 0.0581769115292 28.5172124742
2870 10 0.2 0.302727040907 0.0182255258954 21.3024041
2880 10 0.2 0.246995807922 0.0412029113873 32.8975551492
2890 10 0.2 0.40248894238 0.0487385487492 14.3945749885
2900 10 0.2 0.215154418264 0.0484291270983 41.4352926199
2910 10 0.2 0.26056592402 0.0475050985299 27.638985834
2920 10 0.2 0.379983605732 0.0514603596599 13.642505813
2930 10 0.2 0.3344930796 0.0588205167311 16.8618013035
2940 10 0.2 0.322814629303 0.0282312138423 17.6301393175
2950 10 0.2 0.344261829541 0.0270004983659 25.2609966551
2960 10 0.2 0.347564012627 0.0437411657509 24.6553288236
2970 10 0.2 0.360735843161 0.0319353197952 28.1064051095
2980 10 0.2 0.304884507453 0.0357514915451 37.43869614
2990 10 0.2 0.296996705026 0.0282716297645 33.5024033243
3000 10 0.2 0.321537996151 0.0472642989307 23.3851955719
3010 10 0.2 0.311475006234 0.031186364569 24.4560945056
3020 10 0.2 0.367176248358 0.0416710453933 32.0933656645
3030 10 0.2 0.304163190368 0.0433252462044 19.6777662297
3040 10 0.2 0.395664021403 0.0415488742532 18.6188718768
3050 10 0.2 0.318863148801 0.0495804448203 24.4792771076
3060 10 0.2 0.375447406603 0.0468639396618 21.026205396
3070 10 0.2 0.306711361542 0.0337502347916 21.179171516
3080 10 0.2 0.309548084721 0.0324190891133 34.4028637528
3090 10 0.2 0.377721418423 0.0416579389081 20.6578972036
3100 10 0.2 0.254129070184 0.0512509125331 31.2794796505
3110 10 0.2 0.302590605822 0.0401428126221 31.0732463185
3120 10 0.2 0.337459967708 0.046359203969 25.4659721665
3130 10 0.2 0.294535105886 0.0349550102173 30.5062983661
3140 10 0.2 0.267108465816 0.0574939508809 31.1740704534
3150 10 0.2 0.31980668746 0.0470729022322 31.0423518524
3160 10 0.2 0.295134071797 0.0379807084649 27.8007152018
3170 10 0.2 0.35591515073 0.0225006374735 23.6191483398
3180 10 0.2 0.302412145225 0.0313237160561 27.5698518505
3190 10 0.2 0.34539745329 0.0371933606836 26.9516335827
3200 10 0.2 0.329069005539 0.0329999204456 27.7536434888
3210 10 0.2 0.312691052675 0.0443261146328 29.3816153551
3220 10 0.2 0.365655477261 0.0344311487758 21.1940969024
3230 10 0.2 0.309089073367 0.033450677585 31.2166414261
3240 10 0.2 0.372243202871 0.036493657682 23.0656746953
3250 10 0.2 0.351625206269 0.0336003472473 22.652668876
3260 10 0.2 0.313221517735 0.0361650260375 30.5548824159
3270 10 0.2 0.400705347844 0.0420980404708 22.1401738
3280 10 0.2 0.30984731779 0.037535261543 17.9222624667
3290 10 0.2 0.305950492164 0.031256901435 29.3997784199
3300 10 0.2 0.29653357871 0.0398868267536 32.5257325419
3310 10 0.2 0.31772110644 0.0358718109625 26.9721853329
3320 10 0.2 0.356201569666 0.04829053752 16.0764334625
3330 10 0.2 0.254980446501 0.0356614591315 30.8594200498
3340 10 0.2 0.276039133225 0.0452396432207 27.2427548577
3350 10 0.2 0.340129602571 0.0444680772208 15.8119325508
3360 10 0.2 0.291059599308 0.0446823642883 29.2694162934
3370 10 0.2 0.337975269157 0.0449276670767 19.9905662203
3380 10 0.2 0.364482466641 0.0352097369676 22.6722298941
3390 10 0.2 0.387587418531 0.0564865402045 26.740753356
3400 10 0.2 0.324036161362 0.0403448262994 19.7887846852
3410 10 0.2 0.275921421275 0.0258057665103 26.5311753038
3420 10 0.2 0.296673650795 0.0402039210439 18.2042593052
3430 10 0.2 0.27348289206 0.0262038815124 21.5752863597
3440 10 0.2 0.260915479725 0.0394814244177 36.2782467438
3450 10 0.2 0.34714612384 0.0312247885735 25.7793549277
3460 10 0.2 0.342038804627 0.03954987799 23.3119485783
3470 10 0.2 0.333756933814 0.0381930079639 16.4673783372
3480 10 0.2 0.272076223795 0.0538137909596 34.0581020291
3490 10 0.2 0.281898412842 0.0257834851933 30.0944877663
3500 10 0.2 0.31823016357 0.0273282180432 18.3996857385
3510 10 0.2 0.333469711416 0.0356216357018 15.9198674715
3520 10 0.2 0.276380718457 0.0330884365436 18.3964113302
3530 10 0.2 0.317388613026 0.0304612383958 30.3161672739
3540 10 0.2 0.331812601118 0.0363840273957 17.8470595157
3550 10 0.2 0.313883175035 0.036936648033 22.629284277
3560 10 0.2 0.32429373507 0.0347133942514 25.2758429158
3570 10 0.2 0.310878553355 0.0254128731635 27.1793969598
3580 10 0.2 0.29636896321 0.0403743769095 32.4440417651
3590 10 0.2 0.347524908139 0.0229317724008 20.4929604919
3600 10 0.2 0.275429706588 0.0427226306389 27.1228925413
3610 10 0.2 0.328111212439 0.0336826280862 21.6660272851
3620 10 0.2 0.322014135346 0.0175476629104 24.1234524673
3630 10 0.2 0.2801837362 0.0408059978549 24.6725582043
3640 10 0.2 0.295750893406 0.0396883442813 24.939818702
3650 10 0.2 0.327599220489 0.0409581214895 28.5008155552
3660 10 0.2 0.226963060065 0.0494626710664 53.0601340739
3670 10 0.2 0.258838888146 0.035185241046 27.2608247281
3680 10 0.2 0.31006286047 0.0439478387504 34.4500745476
3690 10 0.2 0.356984893719 0.0424133448453 24.8913474072
3700 10 0.2 0.303219761242 0.043591638584 28.0566931757
3710 10 0.2 0.344386850592 0.0268741339344 22.419795989
3720 10 0.2 0.290382511071 0.0404020723569 27.8868047745
3730 10 0.2 0.407961994813 0.0549010852928 17.9812126533
3740 10 0.2 0.323950813848 0.0240436839889 21.0899338323
3750 10 0.2 0.305677895383 0.0359115261612 26.5664415055
3760 10 0.2 0.349444339889 0.041469976554 26.3139561695
3770 10 0.2 0.342743832963 0.0493179770549 29.3112957749
3780 10 0.2 0.348858177965 0.0265775603463 25.7825997632
3790 10 0.2 0.346645774984 0.0490531577941 20.794604997
3800 10 0.2 0.353781632385 0.0248932865717 30.7336223985
3810 10 0.2 0.369267629497 0.04059917341 24.0774364226
3820 10 0.2 0.327237694228 0.0232878259096 26.2605823405
3830 10 0.2 0.410894413264 0.032891971873 14.8292035329
3840 10 0.2 0.291528676636 0.0311304862246 27.4914109719
3850 10 0.2 0.298597961085 0.0414075924913 25.2784516752
3860 10 0.2 0.326988733537 0.021305600772 19.8898579199
3870 10 0.2 0.297762617943 0.026763549 16.3736811112
3880 10 0.2 0.28664759831 0.0354999060045 22.4042766657
3890 10 0.2 0.314567935957 0.0210610275964 18.7485367022
3900 10 0.2 0.36687862302 0.0482501724832 28.036272027
3910 10 0.2 0.342895159117 0.0386899949987 31.1279500971
3920 10 0.2 0.278055389191 0.0248060668721 31.8299266322
3930 10 0.2 0.377391042604 0.0493149786602 17.7871438744
3940 10 0.2 0.302315801833 0.0273325402455 27.136856464
3950 10 0.2 0.354663539597 0.0257827910988 29.1218240872
3960 10 0.2 0.313872980256 0.0374005909651 12.7881485415
3970 10 0.2 0.31283316027 0.0534364661725 16.7862811126
3980 10 0.2 0.313114856084 0.0520319223556 18.820752254
3990 10 0.2 0.34073975921 0.0338634462957 28.1740394731
4000 10 0.2 0.333895899334 0.0456538250781 18.1925059229
4010 10 0.4 0.436894823781 0.0310320004665 19.4469995224
4020 10 0.4 0.422854468511 0.0393203228835 27.0597381092
4030 10 0.4 0.453646427225 0.056026541256 20.4011704334
4040 10 0.4 0.459961388974 0.0310617654889 18.5876986469
4050 10 0.4 0.495028347455 0.0388466615802 17.9995250716
4060 10 0.4 0.40053737908 0.0360055496938 21.1347332298
4070 10 0.4 0.327678280718 0.0424679462661 15.5220610417
4080 10 0.4 0.439236186059 0.0511274226779 24.3132313872
4090 10 0.4 0.503383737473 0.0327870523976 18.6805949187
4100 10 0.4 0.379869616309 0.0463894292289 14.4597294555
4110 10 0.4 0.384907672797 0.0308970158517 25.2193637074
4120 10 0.4 0.427211653714 0.0426552442081 24.1819029321
4130 10 0.4 0.382000005683 0.0303603710129 23.4073916843
4140 10 0.4 0.43485039898 0.0278254306728 16.5131997694
4150 10 0.4 0.437648690929 0.0389424756991 19.6939360135
4160 10 0.4 0.429894821038 0.0329199009307 18.4447096661
4170 10 0.4 0.370891378606 0.0292267835827 21.9024498236
4180 10 0.4 0.396765353595 0.0251727278439 22.3126223055
4190 10 0.4 0.36682780244 0.0341710770404 16.9151848321
4200 10 0.4 0.419902818964 0.0256271243425 21.0212498899
4210 10 0.4 0.451996191941 0.0381370603347 18.574514911
4220 10 0.4 0.472776476058 0.032844676476 22.7489719217
4230 10 0.4 0.326859657141 0.0486682273019 29.4657185231
4240 10 0.4 0.403665675609 0.0353706638777 18.2035989448
4250 10 0.4 0.380267709324 0.0312522343276 19.5621517773
4260 10 0.4 0.425364776758 0.0186435902123 19.5364891142
4270 10 0.4 0.418418932696 0.0473442710199 27.3552201462
4280 10 0.4 0.377979766295 0.0356080056896 23.5903594331
4290 10 0.4 0.465677901486 0.0323505649761 23.955157204
4300 10 0.4 0.400287804334 0.0295000500675 29.1914799475
4310 10 0.4 0.40642745239 0.0282371580502 25.2609862002
4320 10 0.4 0.406950965808 0.0213423200298 17.9505396237
4330 10 0.4 0.416988320729 0.029320087514 21.0484720689
4340 10 0.4 0.498614351267 0.0674958227041 15.5535071542
4350 10 0.4 0.370808413501 0.0402880086888 20.5264795456
4360 10 0.4 0.378410656649 0.0356399347025 17.9913914304
4370 10 0.4 0.395499933231 0.0370732329756 26.2805194227
4380 10 0.4 0.429700299994 0.0195801669653 17.594734229
4390 10 0.4 0.500049106202 0.0356068239149 22.5160002713
4400 10 0.4 0.398093807258 0.0334967308759 27.3289824855
4410 10 0.4 0.361741037034 0.0539865379145 18.7094472949
4420 10 0.4 0.42819285002 0.0199896152345 24.2791725293
4430 10 0.4 0.42508838747 0.041483646127 13.0542655485
4440 10 0.4 0.377721686231 0.0295524483898 20.860934815
4450 10 0.4 0.44313316545 0.036823294217 19.1231491421
4460 10 0.4 0.38548820729 0.0330412533292 20.7012738724
4470 10 0.4 0.439545992048 0.0264025997593 19.0846225017
4480 10 0.4 0.430185801424 0.038882709812 22.963029747
4490 10 0.4 0.377634960395 0.0284757732543 26.0864783682
4500 10 0.4 0.423459163008 0.0308323740348 15.81210388
4510 10 0.4 0.360147625148 0.0310983384025 12.5731681878
4520 10 0.4 0.411985934089 0.0350541931204 18.789702312
4530 10 0.4 0.354579646842 0.0480721611274 14.369136729
4540 10 0.4 0.377974366069 0.0426961945326 22.1196550295
4550 10 0.4 0.407376355996 0.0217292588373 25.2535861317
4560 10 0.4 0.376798978924 0.0344411422613 28.3888863866
4570 10 0.4 0.390430553932 0.0399337018868 24.8726326709
4580 10 0.4 0.385011001658 0.0173112968412 29.7073192986
4590 10 0.4 0.426524084625 0.0314534335963 16.3592321261
4600 10 0.4 0.352438976614 0.0247446496885 11.7452669093
4610 10 0.4 0.411395104787 0.0362636259843 21.3481367666
4620 10 0.4 0.361587668458 0.0363377190804 19.6011766272
4630 10 0.4 0.369061285772 0.0422426278434 24.7397207437
4640 10 0.4 0.392835013158 0.0318843058578 17.7795437234
4650 10 0.4 0.353915714463 0.0351280716788 24.7164245978
4660 10 0.4 0.430280861459 0.0259696833966 25.8743657819
4670 10 0.4 0.383929491922 0.036672635893 17.8916213634
4680 10 0.4 0.389237447782 0.0359102488569 19.5145280928
4690 10 0.4 0.357602979752 0.0337198488546 19.2831795782
4700 10 0.4 0.391094718351 0.032336264741 29.0842989508
4710 10 0.4 0.445311050079 0.0341036522806 20.3768234768
4720 10 0.4 0.438277639489 0.0374837620358 25.1154867355
4730 10 0.4 0.338124097064 0.0408143361806 23.994306011
4740 10 0.4 0.475909947488 0.0425628251917 14.4936470014
4750 10 0.4 0.346960967951 0.0346892024995 37.095701388
4760 10 0.4 0.353312856744 0.0415939092454 22.9687522925
4770 10 0.4 0.414119115465 0.0310188769996 20.3678710912
4780 10 0.4 0.377252546275 0.0216327257192 26.437535188
4790 10 0.4 0.440133256258 0.0371148733483 14.2001591105
4800 10 0.4 0.45990424672 0.0426130713113 17.8250446153
4810 10 0.4 0.336983481501 0.0304713426075 23.1003558919
4820 10 0.4 0.397395616276 0.0334562957463 27.2155915392
4830 10 0.4 0.311890400164 0.0451895546164 30.0972217453
4840 10 0.4 0.370619835066 0.0257391946658 20.6324493376
4850 10 0.4 0.359961601384 0.0402214641227 22.4767340518
4860 10 0.4 0.392290523213 0.0462456537624 17.8638571777
4870 10 0.4 0.430771319461 0.0227949515368 23.7360368107
4880 10 0.4 0.430969625181 0.0339068385442 17.3180036561
4890 10 0.4 0.426449596264 0.019047983399 24.8187331021
4900 10 0.4 0.431317446235 0.0327366997007 15.5874630091
4910 10 0.4 0.383502097798 0.025441656353 22.9065882745
4920 10 0.4 0.387662977806 0.0327784813961 12.7387432215
4930 10 0.4 0.474812981768 0.0411216090073 22.3677386227
4940 10 0.4 0.387620535432 0.0317529686923 30.3564913331
4950 10 0.4 0.361094940845 0.0412698190133 20.1855448553
4960 10 0.4 0.402005047813 0.0231697852854 11.8753561466
4970 10 0.4 0.352129839587 0.0345153205801 19.9609573567
4980 10 0.4 0.409273551566 0.026739432857 23.0763715378
4990 10 0.4 0.361363349319 0.0218350523441 21.4368831087
5000 10 0.4 0.438443762789 0.0334392444495 15.6165849698
5010 10 0.4 0.480157059854 0.0359978955882 11.8445302238
5020 10 0.4 0.345553254645 0.0391027507962 13.7018837076
5030 10 0.4 0.378364600752 0.0326880904467 26.2093948605
5040 10 0.4 0.302187939494 0.0472497151169 33.9418734876
5050 10 0.4 0.42472555211 0.049480886306 28.4356995474
5060 10 0.4 0.369507397704 0.0454120869055 34.8367502834
5070 10 0.4 0.380409162127 0.0367865029731 22.7141499902
5080 10 0.4 0.401103967221 0.0427812872837 18.1815938705
5090 10 0.4 0.39054891516 0.0372787781648 18.8412053885
5100 10 0.4 0.392558552984 0.0218739341184 22.2953482702
5110 10 0.4 0.470307797627 0.0439645120684 18.337008759
5120 10 0.4 0.393573436395 0.0273479753953 18.4810799178
5130 10 0.4 0.426199220361 0.0267175784951 12.5580807252
5140 10 0.4 0.470024655289 0.0316009248257 13.7937667937
5150 10 0.4 0.452744817361 0.0331507003789 17.271994953
5160 10 0.4 0.342702525583 0.0304968979548 38.659260789
5170 10 0.4 0.434377662265 0.0369231678165 15.2993315851
5180 10 0.4 0.38196252112 0.0284951573377 32.5017429782
5190 10 0.4 0.391871709934 0.0257938968188 21.8980305127
5200 10 0.4 0.441623589363 0.0331753648296 24.4264681875
5210 10 0.4 0.446112195731 0.0358700489354 22.4645463156
5220 10 0.4 0.444932926391 0.0398371369918 23.1299145554
5230 10 0.4 0.318903569478 0.0520070126435 32.889631134
5240 10 0.4 0.427416413517 0.0476990960141 23.2492375796
5250 10 0.4 0.466672914883 0.0272720393283 13.7469395903
5260 10 0.4 0.376470051134 0.0468242356138 34.091935278
5270 10 0.4 0.345193174564 0.0287360304397 32.7267785166
5280 10 0.4 0.338401294208 0.0400905438592 37.4076313047
5290 10 0.4 0.390567450713 0.0330284095865 13.8782660926
5300 10 0.4 0.368791046791 0.0257580291099 13.6600181886
5310 10 0.4 0.439001763142 0.0380280839007 19.6174078708
5320 10 0.4 0.488057917235 0.0463914453325 11.5085558971
5330 10 0.4 0.417401800474 0.022996492197 27.9519488562
5340 10 0.4 0.434859565098 0.0437904664143 14.0313254623
5350 10 0.4 0.349040754241 0.0553043154458 16.0363422816
5360 10 0.4 0.359559436701 0.03159237545 20.2898195885
5370 10 0.4 0.413876762901 0.0281518583001 22.2018657745
5380 10 0.4 0.361132280987 0.0383889313099 25.9697825484
5390 10 0.4 0.445854989031 0.0271046955739 11.2831732847
5400 10 0.4 0.398422525174 0.0382036528847 18.4097645259
5410 10 0.4 0.383349365459 0.0254854384914 27.1956786121
5420 10 0.4 0.35853445193 0.0331549949355 19.3694228756
5430 10 0.4 0.405405878198 0.0319674970826 22.6878160842
5440 10 0.4 0.488503933553 0.036736179951 22.2450580105
5450 10 0.4 0.374960160121 0.0284976497049 33.7443141813
5460 10 0.4 0.38934433992 0.0263663888522 15.4989818013
5470 10 0.4 0.415828933746 0.0284320537431 16.8302921437
5480 10 0.4 0.419319734276 0.0413889570691 12.2225215335
5490 10 0.4 0.354589640174 0.0300428264585 23.1504832834
5500 10 0.4 0.39403461412 0.0280977781493 18.4673533863
5510 10 0.4 0.387256008947 0.0164362318744 22.9562197913
5520 10 0.4 0.41686864367 0.0299841809342 24.1073202068
5530 10 0.4 0.405756951789 0.0221373437072 17.2837793837
5540 10 0.4 0.43733435039 0.0447033601426 12.279349898
5550 10 0.4 0.367299509806 0.0397497773565 21.9428579412
5560 10 0.4 0.413651788596 0.0251404558765 11.4872259464
5570 10 0.4 0.467906890342 0.0464198219596 22.9513701117
5580 10 0.4 0.388806305013 0.0321005802925 19.5151590066
5590 10 0.4 0.42052546201 0.0228106961716 18.5033939803
5600 10 0.4 0.396279437549 0.0370675818569 24.2071826026
5610 10 0.4 0.457118145754 0.046239170987 13.9685836642
5620 10 0.4 0.456439175158 0.03019310925 15.6441744932
5630 10 0.4 0.423564319791 0.0429940729806 21.5357169054
5640 10 0.4 0.494503707738 0.0503850689477 20.0015177581
5650 10 0.4 0.445235407764 0.0373835220425 21.3665044213
5660 10 0.4 0.411579853287 0.0354392519042 27.1130915857
5670 10 0.4 0.407044265422 0.0403180039367 20.6474552573
5680 10 0.4 0.43212694395 0.0308951117095 23.6879622132
5690 10 0.4 0.417468471841 0.0238448526946 18.8195936395
5700 10 0.4 0.429626133548 0.0370176035695 20.3845339983
5710 10 0.4 0.41445353061 0.038754008698 12.8736375088
5720 10 0.4 0.392194693541 0.0398310167009 15.1034045218
5730 10 0.4 0.389729883459 0.0333791275589 20.6352281205
5740 10 0.4 0.398355224997 0.0476929927563 28.0017634162
5750 10 0.4 0.496441088892 0.0461785233631 19.0170771199
5760 10 0.4 0.339625616274 0.0403905566414 23.0609756445
5770 10 0.4 0.38741589967 0.0565091487299 18.7142591255
5780 10 0.4 0.439795073981 0.0432082383515 15.9156930377
5790 10 0.4 0.388640781615 0.0397745682957 16.0949340841
5800 10 0.4 0.385841989011 0.0347425814089 20.8324800719
5810 10 0.4 0.421875537808 0.0407754592876 15.7182721141
5820 10 0.4 0.328788777733 0.0381722866153 11.5362379186
5830 10 0.4 0.401019006931 0.0343448611892 22.6260104612
5840 10 0.4 0.431160760787 0.0244099112565 21.6446080575
5850 10 0.4 0.415549334572 0.0229865502593 15.786649177
5860 10 0.4 0.408578497196 0.0309267816476 24.6968747095
5870 10 0.4 0.356952035689 0.0526425816226 24.1978256457
5880 10 0.4 0.448083023789 0.0401333062104 19.9004354434
5890 10 0.4 0.4711560664 0.0337097417173 16.6022927885
5900 10 0.4 0.402165604385 0.0298170838801 28.653876934
5910 10 0.4 0.474139050926 0.0433367147167 17.6445194635
5920 10 0.4 0.43688946347 0.038319048448 21.0748661039
5930 10 0.4 0.390571930355 0.0333117668666 17.703466467
5940 10 0.4 0.373586357272 0.0365038122206 20.5243261608
5950 10 0.4 0.373900583599 0.0403563155929 15.7704328247
5960 10 0.4 0.365451326934 0.0337758484694 13.208259642
5970 10 0.4 0.413454512324 0.0387973133531 13.408731531
5980 10 0.4 0.399650414635 0.0433844286926 25.2509059214
5990 10 0.4 0.371272974382 0.0322143819537 18.18207893
6000 10 0.4 0.515692239825 0.0473371907485 19.7127822161
6010 10 0.8 0.448412773923 0.0299136354504 15.482742273
6020 10 0.8 0.431853883787 0.0274397164319 21.3583334611
6030 10 0.8 0.510569621148 0.0297758170856 15.6116243106
6040 10 0.8 0.483850995 0.0220589329816 18.9686503432
6050 10 0.8 0.539539618481 0.0357454930962 9.6467025562
6060 10 0.8 0.509552380876 0.0366567840053 12.9488366438
6070 10 0.8 0.381949625564 0.0365288478813 23.364715367
6080 10 0.8 0.461381537152 0.0237988087139 9.11065763417
6090 10 0.8 0.452611666541 0.0271771532843 23.1395568104
6100 10 0.8 0.471340357487 0.0331147108733 19.6579073722
6110 10 0.8 0.538922059294 0.0375170249408 14.7473529808
6120 10 0.8 0.476622571453 0.0243097238504 12.1298211187
6130 10 0.8 0.458890160665 0.0326337414647 17.1559078357
6140 10 0.8 0.478990008571 0.031968465205 22.1367133508
6150 10 0.8 0.431086728026 0.0246154983447 14.3488318326
6160 10 0.8 0.509269850788 0.0293098962456 9.88490993369
6170 10 0.8 0.467410764887 0.0308627005102 18.2256719875
6180 10 0.8 0.532746080267 0.0244598041743 14.198909269
6190 10 0.8 0.472920060407 0.0224098545009 11.4138009109
