10 21 0.1 0.101653025906 0.000319960636916 353.329946924
20 21 0.1 0.103220116089 0.000686547471943 202.629444193
30 21 0.1 0.105019526005 0.000720448479316 218.425988292
40 21 0.1 0.105586526007 0.000477846551809 146.464635634
50 21 0.1 0.101839376556 0.00108505448071 204.626740197
60 21 0.1 0.100412168476 0.000537401996366 154.313896389
70 21 0.1 0.105075966723 0.0016762813275 114.300418503
80 21 0.1 0.102169523553 0.00100892191171 195.805290603
90 21 0.1 0.103089125265 0.00105809452712 211.266662666
100 21 0.1 0.104004562356 0.000793214936467 173.193433444
110 21 0.1 0.105805413474 0.000953976002963 164.214976981
120 21 0.1 0.109840414581 0.0013970346385 141.006941739
130 21 0.1 0.108258637162 0.000771643004979 184.50493638
140 21 0.1 0.114674808099 0.00261937539325 105.750044946
150 21 0.1 0.11039737695 0.00170405670601 146.64540433
160 21 0.1 0.110378294424 0.00162550568991 157.119937126
170 21 0.1 0.122069324445 0.00399244911134 165.188799559
180 21 0.1 0.129733955182 0.00269383747934 125.781158754
190 21 0.1 0.140460173437 0.00421109582763 111.268008815
200 21 0.1 0.144044471425 0.00208534289245 108.587011734
210 21 0.1 0.148616030489 0.00124161105053 105.521083044
220 21 0.1 0.160818961838 0.0031507897921 145.465183891
230 21 0.1 0.170479522571 0.00332818973421 120.234154994
240 21 0.1 0.168075551871 0.00294104856189 111.350966649
250 21 0.1 0.173729549407 0.0043481516238 113.277247144
260 21 0.1 0.185190481095 0.00513307665467 105.88275859
270 21 0.1 0.19392954133 0.00540905869766 85.2332837176
280 21 0.1 0.227670146771 0.0134438130621 90.1408317984
290 21 0.1 0.250015285111 0.00748707038631 84.6754851768
300 21 0.1 0.266903940874 0.00837209927454 80.7215571087
310 21 0.1 0.251185354807 0.00736397765635 71.8888637692
320 21 0.1 0.274535154863 0.00715734301367 70.876246085
330 21 0.1 0.260633114062 0.00756132642695 61.2604793955
340 21 0.1 0.275195288305 0.0109233799835 76.6265308224
350 21 0.1 0.257320842758 0.00739845471542 69.4519645106
360 21 0.1 0.281060144702 0.012497007588 60.2980624283
370 21 0.1 0.304500546563 0.00826637480136 60.48749821
380 21 0.1 0.249489835276 0.0196755987597 71.13775131
390 21 0.1 0.245883853763 0.0063104386786 73.599079469
400 21 0.1 0.227109403536 0.00653375348433 85.998870966
410 21 0.1 0.233402764152 0.00505520191941 70.8194195389
420 21 0.1 0.287550324784 0.0189496407515 81.2329509832
430 21 0.1 0.235031952947 0.0127035988737 95.8446888071
440 21 0.1 0.235727430982 0.015175311474 81.2253770021
450 21 0.1 0.26821428977 0.010368691004 71.0607644912
460 21 0.1 0.278865676069 0.00905978937551 65.8711689593
470 21 0.1 0.254903152841 0.0157795545856 64.2508406074
480 21 0.1 0.219583772664 0.0195542456386 105.104744959
490 21 0.1 0.244300275079 0.0122869200387 72.983384639
500 21 0.1 0.258328167605 0.0122171810086 80.7392312528
510 21 0.1 0.224560446685 0.0238126821839 98.5017632723
520 21 0.1 0.211984345786 0.0113207381039 93.5834937325
530 21 0.1 0.227120098699 0.0135999782043 91.0465144324
540 21 0.1 0.23280348179 0.00848155344339 62.368921432
550 21 0.1 0.259688412857 0.0098423775072 63.7492398749
560 21 0.1 0.25977341921 0.0232076584607 64.1363008362
570 21 0.1 0.266399108622 0.00940939881255 74.8672440501
580 21 0.1 0.27987322786 0.0170910692044 62.665706334
590 21 0.1 0.227842960883 0.0214598338829 52.7690539657
600 21 0.1 0.277675430927 0.0272237841116 60.625053824
610 21 0.1 0.288752543559 0.0228893453474 59.1545968697
620 21 0.1 0.281964684197 0.0284295137197 30.4265933405
630 21 0.1 0.293187880178 0.0237220532252 62.7075380814
640 21 0.1 0.222498317724 0.0123303116945 89.2378318185
650 21 0.1 0.26806788489 0.0191235526422 70.1903087999
660 21 0.1 0.203886392418 0.0345157022701 71.1805193343
670 21 0.1 0.19640456717 0.0496835734425 101.787880525
680 21 0.1 0.264846742971 0.0242850020712 53.8054031748
690 21 0.1 0.287337474482 0.0189289199904 60.4203069366
700 21 0.1 0.259157178755 0.021430415202 78.6243944515
710 21 0.1 0.287030004462 0.025503766243 55.9161038106
720 21 0.1 0.299307195683 0.021649097855 62.6762957314
730 21 0.1 0.218254762306 0.0389676977306 91.3072585977
740 21 0.1 0.221273583043 0.0477920617416 115.143152819
750 21 0.1 0.256555608788 0.0251842087051 72.4675165239
760 21 0.1 0.255120266626 0.0202745201783 80.380484305
770 21 0.1 0.254471217802 0.0315131573947 86.6764528927
780 21 0.1 0.249155868179 0.0174502435706 97.1524026883
790 21 0.1 0.237922315649 0.0344870691657 79.9491033979
800 21 0.1 0.296682718146 0.0353350987538 65.6569239207
810 21 0.1 0.227183283711 0.0311581693752 108.934043081
820 21 0.1 0.284248290238 0.0181930398687 58.9944943333
830 21 0.1 0.295528222165 0.0282898577049 60.7499746288
840 21 0.1 0.270233095217 0.0418151681607 90.2711212404
850 21 0.1 0.266533250688 0.0308555230562 71.0037792109
860 21 0.1 0.272262781386 0.021025502943 85.1525651587
870 21 0.1 0.277802679216 0.0159377985526 76.4004027601
880 21 0.1 0.266211104109 0.0322822925699 65.64917434
890 21 0.1 0.243464811585 0.0363613309906 77.0532224401
900 21 0.1 0.233676378833 0.0274977461602 61.6405311264
910 21 0.1 0.299149091853 0.0283722241458 66.331835081
920 21 0.1 0.251206245058 0.0240988439355 47.8183701413
930 21 0.1 0.236052450358 0.0298048701425 90.7909442914
940 21 0.1 0.246980000551 0.0408843568567 93.9048630657
950 21 0.1 0.27834509888 0.0270201971334 77.1111849015
960 21 0.1 0.33476614699 0.0249042552684 65.0584532651
970 21 0.1 0.285790892804 0.0199799202302 44.9391378724
980 21 0.1 0.228959981707 0.0245229443808 84.6807441127
990 21 0.1 0.314950462091 0.0336905823062 53.493139776
1000 21 0.1 0.274832937736 0.0288043223774 66.0462971829
1010 21 0.1 0.257050176343 0.0292107848977 70.3712553378
1020 21 0.1 0.245764909751 0.0359281697943 54.7991782719
1030 21 0.1 0.289080664764 0.034102848471 68.3714956719
1040 21 0.1 0.330317871501 0.0332154121558 67.5787557797
1050 21 0.1 0.279958143519 0.0264637031227 86.1294695327
1060 21 0.1 0.237634973753 0.0316435935189 66.4109559974
1070 21 0.1 0.254973861742 0.0251713717321 71.8856609854
1080 21 0.1 0.275023158577 0.0156776221391 86.287219168
1090 21 0.1 0.2286079964 0.0276498350167 81.8182528166
1100 21 0.1 0.22700086228 0.0280425029629 81.0197438634
1110 21 0.1 0.249018465501 0.0348479017687 71.404244139
1120 21 0.1 0.255870574057 0.025581698434 92.8927761971
1130 21 0.1 0.265248384783 0.0295783431173 76.9183806822
1140 21 0.1 0.209757151685 0.0295774125939 88.6936087085
1150 21 0.1 0.250013587791 0.0219403873788 73.557605211
1160 21 0.1 0.23721551302 0.0304964749487 94.1102555218
1170 21 0.1 0.309785300452 0.0380180086826 58.0579710456
1180 21 0.1 0.271086468357 0.0345804905062 80.800369741
1190 21 0.1 0.287969624064 0.0291241028175 68.4836950487
1200 21 0.1 0.308623621151 0.0377074972623 59.7445857282
1210 21 0.1 0.250874080391 0.0293382600378 84.8412292473
1220 21 0.1 0.232892838905 0.0344985886953 72.4376917483
1230 21 0.1 0.310877345854 0.0260274864485 49.8574861457
1240 21 0.1 0.296457826137 0.031171654076 62.5795339878
1250 21 0.1 0.228749706748 0.0192912725755 98.9189652937
1260 21 0.1 0.273462966277 0.0361097652877 65.5006415716
1270 21 0.1 0.272766862551 0.025545089418 71.5225608356
1280 21 0.1 0.270686957277 0.0273801803984 60.363044839
1290 21 0.1 0.286844663787 0.0237209305694 73.219585114
1300 21 0.1 0.27222376138 0.0248195291485 87.6373186079
1310 21 0.1 0.246825391361 0.0359280468527 72.3415603322
1320 21 0.1 0.252545137223 0.0300861659641 75.7704839195
1330 21 0.1 0.294105958291 0.0237829766546 69.9104227191
1340 21 0.1 0.244918509701 0.0256805817777 69.8852598206
1350 21 0.1 0.280916379576 0.0250818088095 64.3403076719
1360 21 0.1 0.284091461017 0.0174385457828 57.7372199633
1370 21 0.1 0.309315385313 0.0313116848676 64.3377784141
1380 21 0.1 0.251301418954 0.0235729340122 51.5554898329
1390 21 0.1 0.31154041732 0.0384586722773 57.5195801514
1400 21 0.1 0.282239680816 0.0262762869009 57.7510446611
1410 21 0.1 0.213745041805 0.0288737545595 130.039788792
1420 21 0.1 0.281658360404 0.0310882698952 71.4968422622
1430 21 0.1 0.215751106235 0.0319953997155 60.2631975235
1440 21 0.1 0.293231346065 0.0160529819358 68.977358522
1450 21 0.1 0.244042048864 0.0351328328048 77.4233534364
1460 21 0.1 0.225446974956 0.0344848750932 87.9610376154
1470 21 0.1 0.285312228432 0.0235701826345 72.3077249811
1480 21 0.1 0.283584353175 0.0348404937655 64.2498985096
1490 21 0.1 0.252007252569 0.0265503929139 78.7873190705
1500 21 0.1 0.278449788242 0.0283340897133 66.1626003709
1510 21 0.1 0.253462699209 0.0262950309125 52.5640244102
1520 21 0.1 0.24903066569 0.0272907133047 75.785495207
1530 21 0.1 0.289955348658 0.0238638788937 66.175615786
1540 21 0.1 0.250486526383 0.0308016242541 52.2909037395
1550 21 0.1 0.22758908129 0.0311074332155 88.7346382414
1560 21 0.1 0.300612179699 0.0287667857433 58.5185964098
1570 21 0.1 0.272556750394 0.0284400639459 86.2842061305
1580 21 0.1 0.2337463903 0.0267450257691 83.3742948675
1590 21 0.1 0.271088178676 0.0255513180055 67.2796113047
1600 21 0.1 0.251034482971 0.0393190630805 76.8550308319
1610 21 0.1 0.235627200564 0.0219372200164 69.3141690074
1620 21 0.1 0.205359553169 0.0273232410435 84.4096389148
1630 21 0.1 0.264258809578 0.0291370863366 77.4472747346
1640 21 0.1 0.30742256973 0.0295299085324 55.3734539266
1650 21 0.1 0.237136439552 0.0220264959886 71.9568935046
1660 21 0.1 0.270013984437 0.0274786360265 76.2398663203
1670 21 0.1 0.26484906251 0.0274821314728 72.3800124153
1680 21 0.1 0.284936440009 0.0332379414363 60.3115736199
1690 21 0.1 0.197440149846 0.0347483447821 88.5876901782
1700 21 0.1 0.267237336046 0.0307955659602 60.2980924677
1710 21 0.1 0.237593572399 0.0319882226385 76.5346293672
1720 21 0.1 0.23054118587 0.047275669923 68.4401671868
1730 21 0.1 0.26801018619 0.0264058684305 43.8465507452
1740 21 0.1 0.251877139844 0.0253862097859 56.0734672715
1750 21 0.1 0.238851714069 0.0390713144195 72.8309498807
1760 21 0.1 0.206310101095 0.0274085585423 100.263049983
1770 21 0.1 0.329498266386 0.0321144366303 59.910654144
1780 21 0.1 0.237296637458 0.042022417207 85.4979547008
1790 21 0.1 0.258386209526 0.0369759047354 59.3425569964
1800 21 0.1 0.292472294691 0.0264240377511 63.9367081296
1810 21 0.1 0.277671544467 0.0259533873075 74.1963247757
1820 21 0.1 0.223237588167 0.029768423743 73.0031277804
1830 21 0.1 0.26395834059 0.0319050921729 76.673131818
1840 21 0.1 0.25030547848 0.0294981217677 66.5512275963
1850 21 0.1 0.247424041235 0.0252126458965 72.6538065142
1860 21 0.1 0.309176663102 0.0325729378053 63.1779320324
1870 21 0.1 0.237623910935 0.0305141540921 67.1460244191
1880 21 0.1 0.27974232887 0.0271604658013 52.5851357196
1890 21 0.1 0.265580353531 0.0349906900929 59.9456890157
1900 21 0.1 0.2493118089 0.0317593872536 70.3958701547
1910 21 0.1 0.300397134954 0.025869348621 66.8685833251
1920 21 0.1 0.211477126764 0.025400727644 91.3912308662
1930 21 0.1 0.229921105049 0.0277962261467 100.08279862
1940 21 0.1 0.269637743993 0.0192372878091 85.4627790605
1950 21 0.1 0.250728291493 0.0272028111886 73.8530774135
1960 21 0.1 0.288433966631 0.0219598763724 52.6058766642
1970 21 0.1 0.23282547677 0.0382838277664 80.9433134746
1980 21 0.1 0.214757441716 0.0277236227638 75.9824764118
1990 21 0.1 0.239321667575 0.0303753914761 59.4181749321
2000 21 0.1 0.251922560167 0.0283557986521 72.3983984944
2010 21 0.2 0.347869522881 0.027655211799 59.6292636121
2020 21 0.2 0.327991712653 0.0246004909697 51.1057302049
2030 21 0.2 0.399402247259 0.0352739455714 48.6520636683
2040 21 0.2 0.351119347799 0.030460789662 62.9422394603
2050 21 0.2 0.290105291421 0.0220969866442 80.1941671521
2060 21 0.2 0.332432018688 0.0475726940933 58.5684192247
2070 21 0.2 0.324325811726 0.020538829481 51.5575494133
2080 21 0.2 0.369169272137 0.0395874360943 44.2658705381
2090 21 0.2 0.307066399666 0.0294256075402 67.2067315457
2100 21 0.2 0.31519261296 0.0332187808177 66.7235656214
2110 21 0.2 0.348118416336 0.0274606612905 53.4088260104
2120 21 0.2 0.297282805977 0.031456627258 55.3390394213
2130 21 0.2 0.379998143626 0.0274864993212 55.3104658582
2140 21 0.2 0.33199937238 0.0270613703822 40.3949941663
2150 21 0.2 0.36661972131 0.0328000211166 36.2966845229
2160 21 0.2 0.327313532547 0.0390969629155 68.1054725608
2170 21 0.2 0.34061877339 0.0417081795813 57.3347689567
2180 21 0.2 0.354522958269 0.0200414278855 60.2217704582
2190 21 0.2 0.332962863403 0.0261680431248 52.9832204681
2200 21 0.2 0.3126843304 0.018426044816 58.7970175562
2210 21 0.2 0.296554945987 0.0337985352719 54.7855276723
2220 21 0.2 0.323748774139 0.0278095978346 49.263435036
2230 21 0.2 0.436675093882 0.037330227458 40.9495923092
2240 21 0.2 0.299097966475 0.0273177633856 38.8743923622
2250 21 0.2 0.383332330791 0.0195942170866 59.393166831
2260 21 0.2 0.344338114034 0.0258824628988 60.7062486181
2270 21 0.2 0.342418166628 0.0281697636642 56.8141238607
2280 21 0.2 0.359640028416 0.0322132461386 59.3267817419
2290 21 0.2 0.358210030999 0.0319161808585 51.1346912965
2300 21 0.2 0.31047551963 0.0408634185505 64.8613872047
2310 21 0.2 0.320116587751 0.0262941522913 60.188396296
2320 21 0.2 0.32885807899 0.0180515328749 61.4452306853
2330 21 0.2 0.36448229038 0.0138205770325 46.5345148239
2340 21 0.2 0.324814574588 0.0202666024408 73.6046510563
2350 21 0.2 0.371450934099 0.0236227278105 63.1372151598
2360 21 0.2 0.347360615347 0.0247929762015 40.0521178194
2370 21 0.2 0.325905898188 0.0247569445644 64.1159233837
2380 21 0.2 0.329905841038 0.0276850115438 71.6705441527
2390 21 0.2 0.34040647944 0.0330926144654 69.5655779159
2400 21 0.2 0.382437765371 0.0304890856556 46.5961588711
2410 21 0.2 0.35222563319 0.0297401588747 59.1893743108
2420 21 0.2 0.324207077314 0.0218669657017 58.2499124932
2430 21 0.2 0.42638234696 0.0380856066779 45.3332925447
2440 21 0.2 0.369016860375 0.0247900347748 50.8365068624
2450 21 0.2 0.369498343101 0.0199993682776 64.0105161595
2460 21 0.2 0.270609165267 0.0361942872723 80.5776957289
2470 21 0.2 0.403337030143 0.0273659719689 40.0013090883
2480 21 0.2 0.293134248072 0.0296626635174 65.6072043113
2490 21 0.2 0.301849497439 0.0332786112113 41.4852653951
2500 21 0.2 0.35190101638 0.021810444153 47.3554884196
2510 21 0.2 0.330413689784 0.0242423341758 56.4376842108
2520 21 0.2 0.324024378186 0.0353257014509 43.6941725426
2530 21 0.2 0.369381684936 0.0365114738999 46.9082333915
2540 21 0.2 0.361629533816 0.0210553970086 50.8526911894
2550 21 0.2 0.320772855136 0.0377407202543 57.5191899663
2560 21 0.2 0.320170382832 0.0187972123995 57.3478123808
2570 21 0.2 0.282338741176 0.0292279425143 69.5688968726
2580 21 0.2 0.304599564496 0.0276800017414 50.3054098611
2590 21 0.2 0.330212550502 0.022766509073 42.1874477053
2600 21 0.2 0.326701606778 0.0286658731332 51.9693007536
2610 21 0.2 0.371904197905 0.0395756513874 44.2973362843
2620 21 0.2 0.325398187387 0.0269312146453 46.5254876046
2630 21 0.2 0.31091159559 0.018251960571 59.3694946478
2640 21 0.2 0.348415160529 0.0139571756774 52.6297442116
2650 21 0.2 0.32883726873 0.0285592531102 48.384584795
2660 21 0.2 0.362524782368 0.0251258192618 51.1940615091
2670 21 0.2 0.400262240757 0.0247723213194 49.8445376656
2680 21 0.2 0.374349313898 0.0315335590126 39.1863820928
2690 21 0.2 0.363456894806 0.0329048513039 62.0941464323
2700 21 0.2 0.32812920203 0.0262822326202 48.6693058793
2710 21 0.2 0.321600729631 0.0227100196338 49.3526609392
2720 21 0.2 0.340814558436 0.0212165655064 55.085385406
2730 21 0.2 0.299092165296 0.0266628676273 50.2653186238
2740 21 0.2 0.304212475992 0.027278432621 70.5826531303
2750 21 0.2 0.326110386828 0.0270606068905 68.0464100148
2760 21 0.2 0.390131301912 0.0312406849815 46.4364358233
2770 21 0.2 0.345122180057 0.0193553617773 45.4401517221
2780 21 0.2 0.367299115226 0.0225362414407 40.3340993907
2790 21 0.2 0.351879373007 0.0190587300107 57.2634305137
2800 21 0.2 0.345012182188 0.0303054387863 60.0649257182
2810 21 0.2 0.317771516107 0.0315427136511 64.5355963275
2820 21 0.2 0.402579773889 0.0446698142024 53.4190528449
2830 21 0.2 0.427419694228 0.0368423125368 31.3747209093
2840 21 0.2 0.37895585114 0.0316066271214 50.647063553
2850 21 0.2 0.399176754865 0.0391454515309 53.8354922358
2860 21 0.2 0.330602770658 0.0251963338475 74.4252889519
2870 21 0.2 0.325985389944 0.0311538073605 49.2375664687
2880 21 0.2 0.297930205071 0.039750664336 79.827844534
2890 21 0.2 0.367462421417 0.0219123854775 53.4916040172
2900 21 0.2 0.245143953245 0.0477976967847 72.532776453
2910 21 0.2 0.298441981915 0.0271451991064 74.8276924975
2920 21 0.2 0.38776851696 0.0284792618911 36.3309968634
2930 21 0.2 0.336362243227 0.0245261505187 54.4567057314
2940 21 0.2 0.316849085496 0.0154989243865 55.6697204324
2950 21 0.2 0.377302414569 0.0293253693615 46.386535702
2960 21 0.2 0.347982700487 0.0236809225498 58.9637452264
2970 21 0.2 0.408976852457 0.034447836357 45.6870020396
2980 21 0.2 0.380180422368 0.0222375182175 50.8040334002
2990 21 0.2 0.280238546469 0.0208827292998 61.4848543103
3000 21 0.2 0.344080544275 0.0259441137167 51.8467713246
3010 21 0.2 0.350611942633 0.0250857694789 53.2079889169
3020 21 0.2 0.292581614567 0.0366218022957 83.1898816697
3030 21 0.2 0.299588176289 0.0338060544037 80.162805227
3040 21 0.2 0.375098174191 0.0277263838613 59.1651004678
3050 21 0.2 0.310186099092 0.0322877974584 61.468486057
3060 21 0.2 0.350555755117 0.0310019764306 33.5162881331
3070 21 0.2 0.355019851613 0.0182329994826 51.2186376085
3080 21 0.2 0.345589694081 0.029937792749 38.1660613199
3090 21 0.2 0.33087700945 0.0324961281251 59.0138085458
3100 21 0.2 0.291493401181 0.028541665544 67.0812301655
3110 21 0.2 0.339301583196 0.0301663811686 59.8592842587
3120 21 0.2 0.375157707019 0.0289614611974 56.5936235426
3130 21 0.2 0.324527683928 0.0140240630275 48.305739214
3140 21 0.2 0.296955943199 0.0379833459755 74.5845996491
3150 21 0.2 0.360381981766 0.0379928526759 61.8908733939
3160 21 0.2 0.32030553901 0.0325717926928 41.5992328804
3170 21 0.2 0.303669598725 0.0249791952708 51.7151158074
3180 21 0.2 0.353686494805 0.0376216721557 40.0957367939
3190 21 0.2 0.347255490842 0.0201677101332 68.1932569987
3200 21 0.2 0.30896773556 0.0286872224881 51.8293204035
3210 21 0.2 0.35931897865 0.0324623245506 46.4984102654
3220 21 0.2 0.375453921312 0.0243058241872 41.8176689716
3230 21 0.2 0.324510980756 0.0234950536969 59.0362144177
3240 21 0.2 0.332300699541 0.024799381293 49.3659686818
3250 21 0.2 0.407490079435 0.0217600733875 56.3419114206
3260 21 0.2 0.364051779662 0.0192243479931 45.6326426024
3270 21 0.2 0.334904514243 0.0319705879382 58.3245157476
3280 21 0.2 0.306945834932 0.0269364798933 58.1473978055
3290 21 0.2 0.336570589634 0.0235932889322 65.2987230106
3300 21 0.2 0.319345647021 0.0254156845427 42.1718637588
3310 21 0.2 0.326318280665 0.0284909278206 49.5661988555
3320 21 0.2 0.363098466807 0.0205489876108 54.0549943837
3330 21 0.2 0.326265365173 0.0247806626204 51.6710748375
3340 21 0.2 0.348269147187 0.0173636232629 63.7209918559
3350 21 0.2 0.339158060717 0.0404898410455 39.4506782872
3360 21 0.2 0.293732955763 0.0203397060891 63.7960192607
3370 21 0.2 0.376340952084 0.0275732328683 49.1451343751
3380 21 0.2 0.339904191002 0.026711345238 55.814942826
3390 21 0.2 0.317703836251 0.0356425831246 51.8500358089
3400 21 0.2 0.33346563729 0.0230865030669 49.0901021671
3410 21 0.2 0.303575096091 0.016061274926 44.7341169478
3420 21 0.2 0.315504350597 0.0295683736821 59.4297915647
3430 21 0.2 0.356228620154 0.0236651589242 56.6932162629
3440 21 0.2 0.320515219452 0.030485214768 41.4168450502
3450 21 0.2 0.4134083343 0.0301529242366 52.2938169942
3460 21 0.2 0.334381614461 0.0402841790505 48.8275689243
3470 21 0.2 0.343868555943 0.0194257136071 53.2130603577
3480 21 0.2 0.316841787347 0.0344028113075 80.9904792207
3490 21 0.2 0.346269197507 0.0226613058767 48.8791968569
3500 21 0.2 0.368600033496 0.0298587593444 57.8139938678
3510 21 0.2 0.363419579376 0.0243030089979 58.4270815798
3520 21 0.2 0.299910249267 0.0259986042295 71.8004805152
3530 21 0.2 0.383937366448 0.0534296209121 36.0518629111
3540 21 0.2 0.381254906455 0.0278871597941 58.317120865
3550 21 0.2 0.337853627474 0.036297253528 51.6116771867
3560 21 0.2 0.376681523582 0.0234908222891 64.3229805389
3570 21 0.2 0.341403118551 0.026434232754 67.8916601129
3580 21 0.2 0.346110756574 0.0260569927455 58.7177219996
3590 21 0.2 0.426051139464 0.029986219365 49.2837307067
3600 21 0.2 0.298239483803 0.0211379026998 57.6466523732
3610 21 0.2 0.361596536005 0.0254198271353 45.9844603045
3620 21 0.2 0.354497572827 0.0294640527778 56.9744805297
3630 21 0.2 0.2981050891 0.0294068631103 64.5661631618
3640 21 0.2 0.366432711534 0.0279485553266 54.3890513192
3650 21 0.2 0.33149802807 0.0290053746692 44.458164373
3660 21 0.2 0.318324484972 0.0273647766795 52.7476570374
3670 21 0.2 0.366867865997 0.0338402716525 55.564562134
3680 21 0.2 0.349749886654 0.0238789075555 41.5188787046
3690 21 0.2 0.30050486876 0.0278518232668 71.5252070266
3700 21 0.2 0.333463771228 0.0355362936607 57.8478158356
3710 21 0.2 0.388063915215 0.038921528434 43.6103088178
3720 21 0.2 0.371301599698 0.0354081314585 61.0488728641
3730 21 0.2 0.338115927212 0.0273013464506 71.3849858516
3740 21 0.2 0.348874431542 0.0221860128297 50.8893635759
3750 21 0.2 0.365468642105 0.0356028837743 48.0631135937
3760 21 0.2 0.30413664434 0.0265001257402 50.8190589236
3770 21 0.2 0.349417364054 0.0323958132486 59.6022992583
3780 21 0.2 0.310304931025 0.0327943358955 70.8194558031
3790 21 0.2 0.361378466806 0.0300109962815 50.1351757599
3800 21 0.2 0.343095151552 0.0242196446405 53.8293396258
3810 21 0.2 0.300401116452 0.0172615023329 48.561867164
3820 21 0.2 0.327354673539 0.0289052461753 53.3038989704
3830 21 0.2 0.40470857548 0.0418126345673 45.5394827666
3840 21 0.2 0.339332121408 0.0221117157707 36.6487899525
3850 21 0.2 0.33495540459 0.0272862006841 41.3124738418
3860 21 0.2 0.402598208311 0.0298689068413 49.4636448225
3870 21 0.2 0.311910633519 0.0159310285344 75.786035995
3880 21 0.2 0.337068805892 0.023090205316 53.3486678952
3890 21 0.2 0.308914552084 0.0242705696836 71.6412394555
3900 21 0.2 0.331447926727 0.0265283446619 64.188136121
3910 21 0.2 0.320184620982 0.0385292931123 58.2856597703
3920 21 0.2 0.287649469969 0.015068981503 52.0376929073
3930 21 0.2 0.323004945794 0.0275219894804 63.015333556
3940 21 0.2 0.29556150236 0.0303357762352 67.9342058346
3950 21 0.2 0.31429949495 0.0464042926177 58.0996194556
3960 21 0.2 0.310688217099 0.0366392287003 49.7036409598
3970 21 0.2 0.313499137917 0.0337686622554 58.0199899479
3980 21 0.2 0.320445415221 0.0191159965846 67.10186961
3990 21 0.2 0.318999721551 0.0221051592524 71.2600200124
4000 21 0.2 0.369122893941 0.0352184264886 33.9785128794
4010 21 0.4 0.464940108163 0.0277613211914 33.713975779
4020 21 0.4 0.450207106955 0.0329983100319 35.1092749784
4030 21 0.4 0.450770821277 0.0362943837255 38.4484368164
4040 21 0.4 0.463536193507 0.0206173478032 28.8508338021
4050 21 0.4 0.400151096105 0.0229146665881 46.4442985254
4060 21 0.4 0.480833962664 0.0288471554994 44.8653830165
4070 21 0.4 0.357780118356 0.0398170129476 53.0155582809
4080 21 0.4 0.402317916906 0.0236365691951 48.1762410837
4090 21 0.4 0.476019893218 0.0171527258262 50.2501725573
4100 21 0.4 0.443196324302 0.0218339462526 44.4392408688
4110 21 0.4 0.418796228304 0.0291335570188 31.9334332412
4120 21 0.4 0.444765961072 0.0252068162772 52.6269588539
4130 21 0.4 0.446244223048 0.0311449898557 39.8589793808
4140 21 0.4 0.405158283459 0.0222675840352 48.7976415719
4150 21 0.4 0.457901057023 0.0365257990514 50.2350921901
4160 21 0.4 0.417805117425 0.0234884477231 44.677118314
4170 21 0.4 0.426081310085 0.0330014280614 47.3817015687
4180 21 0.4 0.392224800137 0.0234937842399 48.5101470255
4190 21 0.4 0.37906947913 0.0253591221184 45.2623578826
4200 21 0.4 0.458338777869 0.0170052560429 47.7536589145
4210 21 0.4 0.447650412969 0.0231377446746 43.8212198245
4220 21 0.4 0.464789331349 0.0244919522688 30.2009307209
4230 21 0.4 0.435048666724 0.0222478272871 23.0729606904
4240 21 0.4 0.466892060093 0.02870468361 28.3092197604
4250 21 0.4 0.404131780685 0.0266066383721 45.1331488811
4260 21 0.4 0.436650355865 0.0241836609875 35.3694051499
4270 21 0.4 0.428534899411 0.0272553408294 44.9073489811
4280 21 0.4 0.448458995026 0.0324294164262 39.6619187524
4290 21 0.4 0.461374161807 0.0189453200382 43.5839473275
4300 21 0.4 0.449311938076 0.0275798087309 26.4826712285
4310 21 0.4 0.444879910598 0.017588385677 45.5395913031
4320 21 0.4 0.492366415525 0.0246571403056 35.9323023878
4330 21 0.4 0.43599026673 0.0396418033656 34.5939727761
4340 21 0.4 0.493572306547 0.0303462317907 26.194527063
4350 21 0.4 0.419825022809 0.0191802778366 43.9890763776
4360 21 0.4 0.463822561402 0.0236259922599 37.8856255418
4370 21 0.4 0.450699408431 0.0240536245144 48.4327336865
4380 21 0.4 0.430236939774 0.0186628315023 37.3958813476
4390 21 0.4 0.475517831824 0.0275816593067 39.358870885
4400 21 0.4 0.413200277234 0.0406133184339 47.1553514894
4410 21 0.4 0.384015757735 0.0364757025638 30.1934485488
4420 21 0.4 0.456958847221 0.0228536513076 28.4685920495
4430 21 0.4 0.462670672865 0.0303443276993 30.8456966159
4440 21 0.4 0.404633491026 0.0332454739999 40.150584871
4450 21 0.4 0.51069673012 0.0318371890113 38.3965008925
4460 21 0.4 0.406292910846 0.0259252772216 36.1575907562
4470 21 0.4 0.453668438404 0.029104121324 31.6807251001
4480 21 0.4 0.434189665456 0.0299179696874 44.7252008206
4490 21 0.4 0.402300085895 0.0180617201265 48.9543654123
4500 21 0.4 0.516129761215 0.0354442991422 27.810484377
4510 21 0.4 0.431467019737 0.0156192130397 44.7095372491
4520 21 0.4 0.41789169584 0.0263279254255 30.6738770087
4530 21 0.4 0.44247134257 0.0224666371371 33.7806552958
4540 21 0.4 0.380795662687 0.0356640468485 52.6293685276
4550 21 0.4 0.447973086313 0.0286640854442 31.1481543907
4560 21 0.4 0.445912939499 0.0265388440021 36.6213890566
4570 21 0.4 0.45405351061 0.032232572983 43.0116977688
4580 21 0.4 0.411114072694 0.0135382508029 45.0922918789
4590 21 0.4 0.446284203685 0.0284010000888 42.402178072
4600 21 0.4 0.428687711152 0.0215491803661 38.889913583
4610 21 0.4 0.395955397851 0.0264609149383 41.6451818804
4620 21 0.4 0.401140582081 0.0386912601854 46.0009868194
4630 21 0.4 0.393005607373 0.0318258216209 50.4488010021
4640 21 0.4 0.446078807536 0.0245864126743 45.9143528122
4650 21 0.4 0.463831798881 0.0248746487128 38.5070543434
4660 21 0.4 0.418765495829 0.0193122115001 40.8552393153
4670 21 0.4 0.443886276332 0.0208847946766 36.1552272045
4680 21 0.4 0.417352598791 0.0139501017289 51.1758523492
4690 21 0.4 0.415993355212 0.0227063445231 47.4477068591
4700 21 0.4 0.418160786176 0.0341469140305 39.9103258789
4710 21 0.4 0.428895071498 0.0188912163119 49.7322378359
4720 21 0.4 0.469629354483 0.0362391335192 39.0278053971
4730 21 0.4 0.369652581929 0.0373723589183 46.8487770701
4740 21 0.4 0.479601278176 0.0332785433816 38.4891826614
4750 21 0.4 0.413340570105 0.0246001691613 30.5128642754
4760 21 0.4 0.420467040768 0.0190488344372 41.1491417282
4770 21 0.4 0.425154790435 0.0159189484641 38.0241401909
4780 21 0.4 0.449965235069 0.0224373573954 37.1086734351
4790 21 0.4 0.488876423133 0.0357843581095 40.659982106
4800 21 0.4 0.428153768583 0.0205096069304 33.5124508511
4810 21 0.4 0.427303444725 0.0212960180429 40.4530330671
4820 21 0.4 0.415597531475 0.0194845102687 44.575877719
4830 21 0.4 0.402720703481 0.0356211225222 54.3855150624
4840 21 0.4 0.395686475698 0.0167266386039 26.7345050198
4850 21 0.4 0.417328742346 0.0345378368939 38.4598850216
4860 21 0.4 0.422013645593 0.0360768142494 40.6240309818
4870 21 0.4 0.444997137066 0.0321778521846 28.5709248557
4880 21 0.4 0.453452172849 0.0242741302461 39.7258096637
4890 21 0.4 0.425391350713 0.0282828920548 41.1034001563
4900 21 0.4 0.397203092921 0.0162916589365 47.88016907
4910 21 0.4 0.457687809426 0.0176507998021 39.1692079098
4920 21 0.4 0.388048001002 0.0214298937224 26.4486856414
4930 21 0.4 0.453670190763 0.0300580527587 30.0582498327
4940 21 0.4 0.375720348986 0.0349061781376 33.8875968745
4950 21 0.4 0.396325767105 0.0276666867354 33.5730475997
4960 21 0.4 0.465989894038 0.0252294016271 39.3889907788
4970 21 0.4 0.402654036216 0.0303482341433 39.5137206047
4980 21 0.4 0.447791313052 0.0115279480547 36.8740995645
4990 21 0.4 0.417507945266 0.0108517710542 57.8003031865
5000 21 0.4 0.492707006549 0.0318835916898 35.2004151996
5010 21 0.4 0.419339055504 0.011697060707 34.4926333216
5020 21 0.4 0.421388515836 0.0403767509377 43.2928073869
5030 21 0.4 0.410079251459 0.0245306587109 43.1882473808
5040 21 0.4 0.388621330359 0.0218674044684 49.9560473805
5050 21 0.4 0.478923468428 0.0322741758731 40.5888452937
5060 21 0.4 0.436110286529 0.0287938104433 47.265657588
5070 21 0.4 0.441325005463 0.0369683396613 48.131771232
5080 21 0.4 0.407564701466 0.0287019632676 47.8864610145
5090 21 0.4 0.449763641526 0.0264183548891 48.0774058542
5100 21 0.4 0.350941276756 0.0353072271464 46.1228333376
5110 21 0.4 0.491183710775 0.0464380359092 47.21238924
5120 21 0.4 0.441402004005 0.0257848142917 45.6050542571
5130 21 0.4 0.415822273036 0.0179197274373 48.5539504813
5140 21 0.4 0.496958799359 0.0265796713596 34.1479505329
5150 21 0.4 0.416745457002 0.0235366038828 31.7116635523
5160 21 0.4 0.386210060861 0.0262357618749 45.5827526162
5170 21 0.4 0.440075885247 0.0203348624164 31.2508625897
5180 21 0.4 0.393404371799 0.0284673967664 37.2466416308
5190 21 0.4 0.405596641039 0.0244542562252 43.5902429104
5200 21 0.4 0.473732294272 0.0279398229609 40.4945973247
5210 21 0.4 0.463142215973 0.0112766839737 36.3534134299
5220 21 0.4 0.478295599693 0.0234903529426 48.6877226791
5230 21 0.4 0.389707013663 0.0330757844902 54.3293539252
5240 21 0.4 0.444944742003 0.0351560740319 37.1065617641
5250 21 0.4 0.470219524476 0.0240860214284 41.990859203
5260 21 0.4 0.403990048771 0.0204473878387 36.444241225
5270 21 0.4 0.36467817569 0.039266574237 48.2187254401
5280 21 0.4 0.36698674482 0.0300328193793 30.1655781902
5290 21 0.4 0.444776306509 0.0292503123767 28.0163168258
5300 21 0.4 0.432291968931 0.00864129354088 29.9093179132
5310 21 0.4 0.485643282275 0.0299200934708 33.8117624876
5320 21 0.4 0.469712351493 0.0248003340981 45.3608853678
5330 21 0.4 0.422520756261 0.0177045580649 47.4073543312
5340 21 0.4 0.41972414238 0.0256257705176 32.4142621935
5350 21 0.4 0.384677330453 0.0312846223381 56.2851963059
5360 21 0.4 0.397218013662 0.0181330304299 35.2710271922
5370 21 0.4 0.439732694583 0.0160289901286 38.0132447619
5380 21 0.4 0.41152369566 0.0101775395929 37.97752844
5390 21 0.4 0.457332440143 0.0258555859763 32.2389845901
5400 21 0.4 0.412332244964 0.0224883985985 54.3789197592
5410 21 0.4 0.397698908139 0.0299052462468 41.5944640682
5420 21 0.4 0.429388340267 0.0168655678635 46.0666555351
5430 21 0.4 0.476163023442 0.0240092464973 32.2556163945
5440 21 0.4 0.443650867119 0.0226847578209 34.1938770115
5450 21 0.4 0.427536791058 0.0158905167345 39.42371417
5460 21 0.4 0.460777709135 0.0191036702413 35.6504338766
5470 21 0.4 0.412365523294 0.0109757793141 39.1733512628
5480 21 0.4 0.437242545725 0.0259241061044 26.9683503515
5490 21 0.4 0.410856871603 0.0118402419123 39.1850232817
5500 21 0.4 0.379412086615 0.0199870296702 44.1027081
5510 21 0.4 0.427632371644 0.0266327535154 43.2067922412
5520 21 0.4 0.473320628473 0.0281253037711 43.0509421809
5530 21 0.4 0.391483303232 0.0211084556765 37.4503213868
5540 21 0.4 0.4265667285 0.027005837842 44.6241946651
5550 21 0.4 0.402675523119 0.0410988978946 32.8014745481
5560 21 0.4 0.475815738464 0.0322296047674 35.4962653726
5570 21 0.4 0.465299423752 0.0282543673904 39.3546795801
5580 21 0.4 0.476274056946 0.0189186819678 36.7719415916
5590 21 0.4 0.465927427337 0.024046315667 34.5926631015
5600 21 0.4 0.425420513753 0.0370987398961 40.1474861734
5610 21 0.4 0.444045713791 0.0204495406058 30.5669399211
5620 21 0.4 0.493244608658 0.0244316728677 32.4342542873
5630 21 0.4 0.377728199931 0.0351857877882 51.4409924626
5640 21 0.4 0.464248337928 0.0425126924916 49.8721048197
5650 21 0.4 0.460851455903 0.0294478391338 31.7883610749
5660 21 0.4 0.424136738385 0.0240474040862 43.5810536012
5670 21 0.4 0.476381367157 0.0291299713126 39.8729421893
5680 21 0.4 0.46053273233 0.01557139368 32.1048327844
5690 21 0.4 0.424790069333 0.0210617848557 37.5006327525
5700 21 0.4 0.417377661222 0.028001509306 41.1313017937
5710 21 0.4 0.454871372901 0.0129259946184 32.2579960434
5720 21 0.4 0.442356639442 0.0240729433205 30.781836253
5730 21 0.4 0.404730209652 0.0246201861042 30.4588100906
5740 21 0.4 0.43993920924 0.0281387820052 39.748681039
5750 21 0.4 0.495279714224 0.0389403621799 53.5091409748
5760 21 0.4 0.408503375068 0.019990697159 43.9865055517
5770 21 0.4 0.44416732489 0.0382811269373 35.2965019407
5780 21 0.4 0.437399816578 0.0323395083205 32.2050257826
5790 21 0.4 0.388687288528 0.0193845998485 47.0210122057
5800 21 0.4 0.416744517179 0.0376923097269 48.6350829978
5810 21 0.4 0.434149074127 0.0180198516297 50.4830697281
5820 21 0.4 0.390788184692 0.0286084797076 49.8139701132
5830 21 0.4 0.398307174197 0.0255977783296 33.1183442498
5840 21 0.4 0.409932848476 0.0177684844995 35.147071844
5850 21 0.4 0.482625882006 0.0226966656685 34.8250877664
5860 21 0.4 0.429032442153 0.0355550327173 51.0024531778
5870 21 0.4 0.397417161984 0.0212064700522 50.2368809485
5880 21 0.4 0.499701170864 0.0308157201106 31.3644072174
