10 21 0.1 0.101491823253 0.000327621159272 371.13363657
20 21 0.1 0.102862906548 0.000617496186373 160.569998116
30 21 0.1 0.104796163975 0.000744476241646 248.014834453
40 21 0.1 0.105143687249 0.000476622763206 251.674915571
50 21 0.1 0.101576265182 0.00102206753776 176.021530059
60 21 0.1 0.0996912786051 0.000545720091914 273.740939314
70 21 0.1 0.104465853925 0.00173337944419 215.845501354
80 21 0.1 0.101076173144 0.00110430269178 218.8265543
90 21 0.1 0.101876590334 0.00101910406924 143.667312114
100 21 0.1 0.102782328857 0.000761999342636 196.45100348
110 21 0.2 0.105788722295 0.00114567059686 198.270325733
120 21 0.2 0.112050392674 0.00202198874574 202.913511861
130 21 0.2 0.113920537168 0.000798389978386 177.289829632
140 21 0.2 0.123283376028 0.00354002249822 181.355020286
150 21 0.2 0.122950197153 0.000932852825821 167.564247153
160 21 0.2 0.128253193063 0.00139886613179 203.237798824
170 21 0.2 0.146897306995 0.00615173641716 105.05973668
180 21 0.2 0.160088934479 0.00430050568802 109.940076721
190 21 0.2 0.175437215543 0.0057433533144 84.9022673655
200 21 0.2 0.178993488855 0.00225784734656 96.6565841181
210 21 0.4 0.203330508248 0.00618831212094 87.8482203941
220 21 0.4 0.239771030815 0.00932924464133 80.0715243658
230 21 0.4 0.271418198145 0.00895375264783 73.1928248467
240 21 0.4 0.293276687068 0.00772699919171 83.7378047309
250 21 0.4 0.307198631538 0.00856753160751 57.5742044789
260 21 0.4 0.338149132541 0.0123807730573 52.7647119
270 21 0.4 0.358614238798 0.00874456365971 49.0235328891
280 21 0.4 0.413495675032 0.0222591519684 43.91988395
290 21 0.4 0.430483619636 0.00628490179825 34.343212994
300 21 0.4 0.454748597877 0.0113852230223 24.3215378151
310 21 0.8 0.489111714461 0.0096507707568 37.7556624139
320 21 0.8 0.540684908072 0.0134975747278 25.3939558222
330 21 0.8 0.483419956756 0.0186880428547 18.6348958228
340 21 0.8 0.513601561006 0.0158321209158 20.0621509015
350 21 0.8 0.529132845423 0.0134522913405 15.203180232
360 21 0.8 0.522341523704 0.00831615956739 20.6875935874
370 21 0.8 0.534710599301 0.0078540434863 24.2579546049
380 21 0.8 0.499428003679 0.0142789320248 21.0955766552
390 21 0.8 0.499313308423 0.00976867968558 14.8518698494
400 21 0.8 0.494188471196 0.00990039729368 25.6489754876
410 21 1.0 0.544904684395 0.0116388477085 21.5188986052
420 21 1.0 0.55985279448 0.0150751239846 8.43967289295
430 21 1.0 0.531858058313 0.0160981620788 18.6516664595
440 21 1.0 0.538792515286 0.0101099272672 12.4779475475
450 21 1.0 0.549491961482 0.0139934387496 10.3240066399
460 21 1.0 0.534086201054 0.00851485205318 23.503166104
470 21 1.0 0.556062614422 0.0235033171724 12.7816878875
480 21 1.0 0.515847467853 0.0156023545703 12.0439239873
490 21 1.0 0.539306722912 0.00738000031339 16.5322959435
500 21 1.0 0.560438765907 0.017261165876 15.1804060016
510 21 2.0 0.608884939298 0.0125575791322 2.36097273193
520 21 2.0 0.599555385706 0.016654048054 1.49558531407
530 21 2.0 0.589680999689 0.0143787317199 4.1063879227
540 21 2.0 0.586182899818 0.0178253620313 2.97239330193
550 21 2.0 0.609095973077 0.0105909296504 2.9988032307
560 21 2.0 0.632266626853 0.00898202229912 1.51286237699
570 21 2.0 0.609584272799 0.0137576908437 6.40074296986
580 21 2.0 0.647429446239 0.0166761821 0.944158613034
590 21 2.0 0.62816173905 0.0112681179036 7.26189577143
600 21 2.0 0.633026912368 0.00880878234416 4.73141037353
610 21 4.0 0.698871537059 0.0139283253328 0.274008164014
620 21 4.0 0.679967952017 0.010115457419 0.151891908503
630 21 4.0 0.664099505274 0.00593178618225 0.367383383783
640 21 4.0 0.678157623486 0.00584612571105 0.558468423555
650 21 4.0 0.677968840422 0.00640993513725 0.683057102048
660 21 4.0 0.677378243248 0.00546297756944 0.362729961317
670 21 4.0 0.663006972644 0.00947141067027 0.36468235814
680 21 4.0 0.672120054582 0.00492144218277 0.819259184908
690 21 4.0 0.70830052551 0.00855134918836 0.0579096027662
700 21 4.0 0.684270712021 0.0089953391272 0.0499725497765
710 21 8.0 0.724007131286 0.00993479124343 0.0323309271081
720 21 8.0 0.718264622476 0.00415839878985 0.0153890941705
730 21 8.0 0.704681190377 0.00502571715503 0.0177351628269
740 21 8.0 0.722257483944 0.00678686099875 0.0259725652778
750 21 8.0 0.722165052889 0.00509823923665 0.0314998347437
760 21 8.0 0.725333035667 0.0044045619777 0.0230997371703
770 21 8.0 0.715533753962 0.00405583577838 0.0153277637192
780 21 8.0 0.706911747901 0.00735409903874 0.0200748902388
790 21 8.0 0.718586058748 0.00554300956353 0.0190227306803
800 21 8.0 0.720829532782 0.00243031901741 0.0304830885626
810 21 12.0 0.723768079867 0.00312430592093 0.0161424479955
820 21 12.0 0.730059729123 0.00233118559693 0.0119696075614
830 21 12.0 0.736088901212 0.00351131987533 0.00897588439599
840 21 12.0 0.724985784753 0.00433736878416 0.0264123210122
850 21 12.0 0.733758201664 0.00243793861271 0.0219233680906
860 21 12.0 0.727257893732 0.00249214153527 0.0276732231698
870 21 12.0 0.731480871416 0.00209576614074 0.0376875194655
880 21 12.0 0.730128665423 0.00302394853425 0.0156572003836
890 21 12.0 0.727904017547 0.0025487166295 0.0113973037152
900 21 12.0 0.730490066012 0.00545076621545 0.0122260370618
