1000 0.1 10.0 0.146522071249 0.8923 0.996992481203 10.0 0.001
2000 0.1 10.0 0.212374837968 0.84569 0.995588235294 11.0 0.0011
3000 0.1 10.0 0.296211336699 0.77508 0.99 12.1 0.00121
4000 0.1 10.0 0.438446856573 0.65125 0.981627296588 13.31 0.001331
5000 0.1 10.0 0.616321204424 0.36133 0.945707070707 14.641 0.0014641
6000 0.1 10.0 0.658306220869 0.09779 0.802005012531 13.1769 0.00161051
7000 0.1 10.0 0.669248156401 0.0587 0.72040302267 11.85921 0.001771561
8000 0.1 10.0 0.648318869415 0.05271 0.657692307692 10.673289 0.0019487171
9000 0.1 10.0 0.662444975183 0.08006 0.631853785901 9.6059601 0.00214358881
10000 0.1 10.0 0.655069269069 0.09402 0.642076502732 8.64536409 0.002357947691
11000 0.1 10.0 0.641341063337 0.12271 0.671270718232 7.780827681 0.0025937424601
12000 0.1 10.0 0.65476742954 0.1534 0.646976090014 7.0027449129 0.00285311670611
13000 0.1 10.0 0.662272776334 0.12915 0.571230982019 6.30247042161 0.00313842837672
14000 0.1 10.0 0.64542465269 0.15211 0.517595307918 5.67222337945 0.00345227121439
15000 0.1 10.0 0.658484612707 0.17863 0.510885341074 5.1050010415 0.00379749833583
16000 0.1 10.0 0.654434936896 0.20344 0.507575757576 4.59450093735 0.00417724816942
17000 0.1 10.0 0.665500234212 0.21859 0.473515248796 4.13505084362 0.00459497298636
18000 0.1 10.0 0.652304963121 0.24952 0.443251533742 3.72154575926 0.00505447028499
19000 0.1 10.0 0.645488627692 0.25914 0.426771653543 3.34939118333 0.00555991731349
20000 0.1 10.0 0.661382148718 0.37152 0.442463533225 3.014452065 0.00611590904484
21000 0.1 10.0 0.665024781933 0.33317 0.397034596376 2.7130068585 0.00672749994933
22000 0.1 10.0 0.659650302009 0.33475 0.383307573416 2.44170617265 0.00605474995439
23000 0.1 10.0 0.650470666563 0.39128 0.459627329193 2.19753555538 0.00544927495895
24000 0.1 10.0 0.652553157496 0.47321 0.393148450245 1.97778199985 0.00599420245485
25000 0.1 10.0 0.660793818765 0.42947 0.44 2.17556019983 0.00539478220936
26000 0.1 10.0 0.654534441219 0.43175 0.438184663537 2.39311621981 0.0059342604303
27000 0.1 10.0 0.65170006411 0.38911 0.360446570973 2.63242784179 0.00652768647333
28000 0.1 10.0 0.654351372616 0.40378 0.422818791946 2.36918505761 0.005874917826
29000 0.1 10.0 0.661547410793 0.34269 0.368670886076 2.60610356338 0.0064624096086
30000 0.1 10.0 0.655843311271 0.39916 0.405 2.34549320704 0.00581616864774
31000 0.1 10.0 0.654966305437 0.43809 0.397415185784 2.11094388633 0.00639778551251
32000 0.1 10.0 0.659916643279 0.42416 0.429712460064 2.32203827497 0.00575800696126
33000 0.1 10.0 0.660932646911 0.38594 0.38898163606 2.55424210246 0.00633380765739
34000 0.1 10.0 0.664247406923 0.35759 0.386666666667 2.29881789222 0.00570042689165
35000 0.1 10.0 0.647882492841 0.42781 0.457735247209 2.068936103 0.00513038420248
36000 0.1 10.0 0.658132278811 0.38035 0.431784107946 2.2758297133 0.00564342262273
37000 0.1 10.0 0.661878853283 0.46543 0.414191419142 2.04824674197 0.006207764885
38000 0.1 10.0 0.653720094681 0.40522 0.39603960396 2.25307141616 0.0068285413735
39000 0.1 10.0 0.656578697652 0.38288 0.411371237458 2.47837855778 0.00614568723615
40000 0.1 10.0 0.65655960716 0.42087 0.383252818035 2.230540702 0.00676025595977
41000 0.1 10.0 0.668264181729 0.36393 0.411764705882 2.4535947722 0.00608423036379
42000 0.1 10.0 0.654384860891 0.39782 0.346972176759 2.20823529498 0.00669265340017
43000 0.1 10.0 0.656124347491 0.43783 0.409448818898 1.98741176548 0.00602338806015
44000 0.1 10.0 0.644885028811 0.43994 0.401666666667 2.18615294203 0.00662572686617
45000 0.1 10.0 0.655542210924 0.44023 0.395 2.40476823623 0.00728829955279
46000 0.1 10.0 0.659040135187 0.38252 0.374183006536 2.64524505986 0.00655946959751
47000 0.1 10.0 0.655944692083 0.36771 0.396524486572 2.38072055387 0.00590352263776
