10 0.0 10.0 0.141724252796 0.89128 1.0 10.0 0.001
20 0.0 10.0 0.196424538471 0.86446 0.989660265879 10.0 0.001
30 0.0 10.0 0.264630934759 0.82841 0.994236311239 10.0 0.001
40 0.0 10.0 0.34776237633 0.77601 0.994630872483 10.0 0.001
50 0.0 10.0 0.428260816224 0.69449 0.989937106918 10.0 0.001
60 0.0 10.0 0.517041415572 0.59927 0.980676328502 10.0 0.001
70 0.0 10.0 0.590273882269 0.44169 0.958233890215 10.0 0.001
80 0.0 10.0 0.640660177296 0.25535 0.920467836257 10.0 0.001
90 0.0 10.0 0.661810004302 0.14109 0.848308051342 10.0 0.001
100 0.0 10.0 0.665640126941 0.09546 0.793427230047 10.0 0.001
110 0.0 10.0 0.669227940415 0.117 0.789227166276 10.0 0.001
120 0.0 10.0 0.660001806903 0.12467 0.825677267373 10.0 0.001
130 0.0 10.0 0.658622178891 0.12924 0.788551401869 10.0 0.001
140 0.0 10.0 0.664068546792 0.12452 0.843675417661 10.0 0.001
150 0.0 10.0 0.670056431252 0.05919 0.820633059789 10.0 0.001
160 0.0 10.0 0.66140991844 0.07399 0.822966507177 10.0 0.001
170 0.0 10.0 0.659257439346 0.10112 0.838407494145 10.0 0.001
180 0.0 10.0 0.66247578038 0.12531 0.823952095808 10.0 0.001
190 0.0 10.0 0.654220377775 0.14304 0.81914893617 10.0 0.001
200 0.0 10.0 0.661420108095 0.13928 0.824705882353 10.0 0.001
210 0.0 10.0 0.650716938548 0.13782 0.830367734282 10.0 0.001
220 0.0 10.0 0.658724959595 0.14174 0.865810968495 10.0 0.001
230 0.0 10.0 0.663225269711 0.12742 0.823596792669 10.0 0.001
240 0.0 10.0 0.663048054363 0.13437 0.808584686775 10.0 0.001
250 0.0 10.0 0.660681671259 0.13658 0.826036866359 10.0 0.001
260 0.0 10.0 0.668645937703 0.12297 0.848591549296 10.0 0.001
270 0.0 10.0 0.64844657077 0.10242 0.803102625298 10.0 0.001
280 0.0 10.0 0.663404274333 0.13063 0.850887573964 10.0 0.001
290 0.0 10.0 0.65886897872 0.15129 0.841801385681 10.0 0.001
300 0.0 10.0 0.656280538323 0.14801 0.85663507109 10.0 0.001
310 0.0 10.0 0.666747085332 0.10358 0.837209302326 10.0 0.001
320 0.0 10.0 0.66514117561 0.12448 0.833136094675 10.0 0.001
330 0.0 10.0 0.66932445586 0.12969 0.837264150943 10.0 0.001
340 0.0 10.0 0.66030630972 0.11792 0.818934911243 10.0 0.001
350 0.0 10.0 0.659312688178 0.13032 0.828703703704 10.0 0.001
360 0.0 10.0 0.666369524554 0.12099 0.824214202561 10.0 0.001
370 0.0 10.0 0.651606044898 0.12474 0.830822711472 10.0 0.001
380 0.0 10.0 0.647158382392 0.14267 0.876033057851 10.0 0.001
390 0.0 10.0 0.655200396934 0.1333 0.834312573443 10.0 0.001
400 0.0 10.0 0.66300328964 0.12972 0.844807467911 10.0 0.001
410 0.0 10.0 0.659075048211 0.14334 0.857814336075 10.0 0.001
420 0.0 10.0 0.661105970843 0.10863 0.851981351981 10.0 0.001
430 0.0 10.0 0.670923607571 0.0911 0.828947368421 10.0 0.001
440 0.0 10.0 0.665787701407 0.1114 0.823191733639 10.0 0.001
450 0.0 10.0 0.656494102083 0.13018 0.841121495327 10.0 0.001
460 0.0 10.0 0.661183051879 0.10245 0.833140208575 10.0 0.001
470 0.0 10.0 0.649221716127 0.12098 0.802120141343 10.0 0.001
480 0.0 10.0 0.672244917824 0.09002 0.848661233993 10.0 0.001
490 0.0 10.0 0.659281723018 0.09159 0.822352941176 10.0 0.001
500 0.0 10.0 0.667722500815 0.11764 0.809352517986 10.0 0.001
