10 0.1 10.0 0.142304235236 0.88835 0.993680884676 10.0 0.001 175.776241266
20 0.1 10.0 0.211227633884 0.84856 0.995620437956 11.0 0.0011 32.6909682095
30 0.1 10.0 0.30887830636 0.77192 0.99316005472 12.1 0.00121 25.163327601
40 0.1 10.0 0.443456124495 0.64336 0.983516483516 13.31 0.001331 15.8172773204
50 0.1 10.0 0.600289532891 0.37377 0.953807740325 14.641 0.0014641 13.2033601255
60 0.1 10.0 0.65738811815 0.15331 0.8475 13.1769 0.00161051 0.547555795456
70 0.1 10.0 0.651020298442 0.10677 0.762626262626 11.85921 0.001771561 0.0953000351078
80 0.1 10.0 0.659180897702 0.11569 0.731323722149 10.673289 0.0019487171 0.0807135955314
90 0.1 10.0 0.660399505331 0.13554 0.687092568449 9.6059601 0.00214358881 0.101304489352
100 0.1 10.0 0.665554528237 0.14876 0.646896551724 8.64536409 0.002357947691 0.0348504902535
110 0.1 10.0 0.654961980072 0.18559 0.669444444444 7.780827681 0.0025937424601 0.16754884039
120 0.1 10.0 0.664446337255 0.17856 0.585714285714 7.0027449129 0.00285311670611 0.115377126926
130 0.1 10.0 0.65816523703 0.19434 0.549100968188 6.30247042161 0.00313842837672 0.0519695835425
140 0.1 10.0 0.658962243886 0.22142 0.53791130186 5.67222337945 0.00345227121439 0.075449370518
150 0.1 10.0 0.670956938693 0.24237 0.541605839416 5.1050010415 0.00379749833583 0.0355754910068
160 0.1 10.0 0.669912188319 0.25259 0.510174418605 4.59450093735 0.00417724816942 0.180146750963
170 0.1 10.0 0.661372379154 0.27687 0.445801526718 4.13505084362 0.00459497298636 0.0361318880832
180 0.1 10.0 0.652721536329 0.33947 0.455858747994 3.72154575926 0.00505447028499 0.117151809605
190 0.1 10.0 0.648015939092 0.3867 0.510869565217 3.34939118333 0.00555991731349 0.0446920236439
200 0.1 10.0 0.673022763922 0.33442 0.389589905363 3.014452065 0.00611590904484 0.154428522564
210 0.1 10.0 0.662218988094 0.38583 0.457575757576 2.7130068585 0.00550431814036 0.0729873729862
220 0.1 10.0 0.662378127922 0.40671 0.399380804954 2.44170617265 0.00605474995439 0.180254950589
230 0.1 10.0 0.664168852579 0.36086 0.410174880763 2.68587678991 0.00544927495895 0.362989904523
240 0.1 10.0 0.66566513977 0.38479 0.405103668262 2.41728911092 0.00599420245485 0.134802454858
250 0.1 10.0 0.662482104351 0.42732 0.388059701493 2.17556019983 0.00659362270033 0.0405565478667
260 0.1 10.0 0.666441322448 0.43758 0.421974522293 2.39311621981 0.0059342604303 0.0432580573903
270 0.1 10.0 0.662499033635 0.37322 0.417618270799 2.63242784179 0.00652768647333 0.164837237989
280 0.1 10.0 0.656938331519 0.38475 0.324503311258 2.36918505761 0.00718045512066 0.244418427034
290 0.1 10.0 0.652724942659 0.4771 0.415584415584 2.13226655185 0.0064624096086 0.0622775412975
300 0.1 10.0 0.662445040538 0.4637 0.370550161812 2.34549320704 0.00710865056946 0.0117800158421
310 0.1 10.0 0.664064550412 0.37518 0.36231884058 2.58004252774 0.00639778551251 0.15089501947
320 0.1 10.0 0.659155728402 0.45369 0.449541284404 2.32203827497 0.00575800696126 0.0137634257098
330 0.1 10.0 0.662011614441 0.38253 0.421568627451 2.55424210246 0.00633380765739 0.126798930071
340 0.1 10.0 0.659713008758 0.43887 0.36303630363 2.29881789222 0.00696718842312 0.00943265587433
350 0.1 10.0 0.665625918103 0.37652 0.383739837398 2.52869968144 0.00627046958081 0.00815805851785
360 0.1 10.0 0.662961313608 0.434 0.442519685039 2.2758297133 0.00564342262273 0.217131574993
370 0.1 10.0 0.660048146998 0.37244 0.380952380952 2.50341268463 0.006207764885 0.180923868283
380 0.1 10.0 0.657570496927 0.36594 0.383360522023 2.25307141616 0.0055869883965 0.034606061785
390 0.1 10.0 0.658501020569 0.49676 0.491176470588 2.02776427455 0.00502828955685 0.237352238535
400 0.1 10.0 0.659364717824 0.44197 0.424471299094 2.230540702 0.00553111851254 0.173324321552
410 0.1 10.0 0.664954153922 0.40201 0.41059602649 2.4535947722 0.00608423036379 0.307119331387
420 0.1 10.0 0.661498747508 0.36387 0.372483221477 2.69895424942 0.00669265340017 0.27494070571
430 0.1 10.0 0.668418892724 0.40088 0.356666666667 2.42905882448 0.00602338806015 0.0447699836779
440 0.1 10.0 0.667502770278 0.36971 0.443217665615 2.67196470693 0.00542104925414 0.0579497411852
450 0.1 10.0 0.665006920031 0.36324 0.396196513471 2.40476823623 0.00596315417955 0.0714452919572
460 0.1 10.0 0.657501436712 0.39095 0.418006430868 2.16429141261 0.0053668387616 0.199473303617
470 0.1 10.0 0.670169322161 0.45623 0.426016260163 1.94786227135 0.00590352263776 0.244159387271
480 0.1 10.0 0.662785125056 0.42797 0.359322033898 2.14264849849 0.00649387490153 0.00937294408058
490 0.1 10.0 0.663458080813 0.38843 0.410296411856 2.35691334833 0.00584448741138 0.088310255241
500 0.1 10.0 0.651412683666 0.45732 0.400974025974 2.1212220135 0.00642893615252 0.290711535055
510 0.1 10.0 0.656847096881 0.48262 0.396774193548 2.33334421485 0.00707182976777 0.258087447586
520 0.1 10.0 0.660993174161 0.37468 0.3616 2.56667863634 0.00636464679099 0.0681868196031
530 0.1 10.0 0.660056279696 0.42608 0.450495049505 2.3100107727 0.00572818211189 0.148402937145
540 0.1 10.0 0.656672398125 0.41888 0.391089108911 2.54101184997 0.00630100032308 0.348249885527
550 0.1 10.0 0.66092167447 0.33191 0.379705400982 2.79511303497 0.00567090029077 0.0538353305702
560 0.1 10.0 0.676894551634 0.39762 0.444277108434 2.51560173147 0.0051038102617 0.221502433961
