10.0 0.143030216071 0.89536 0.996951219512
10.0 0.166757553783 0.86776 0.985163204748
10.0 0.196719219354 0.85518 1.0
10.0 0.232764037249 0.83882 0.989100817439
10.0 0.273197523682 0.8139 0.986225895317
10.0 0.313476045398 0.77854 0.983651226158
10.0 0.363255428099 0.7438 0.983783783784
10.0 0.413618817501 0.69262 0.987373737374
10.0 0.464952953883 0.63964 0.974093264249
10.0 0.507758448203 0.57294 0.97270471464
10.0 0.536836681353 0.51096 0.948402948403
10.0 0.57267032365 0.44222 0.955082742317
10.0 0.612515871043 0.34694 0.959330143541
10.0 0.634159554928 0.24 0.914489311164
10.0 0.664826285129 0.17074 0.848484848485
10.0 0.668872234933 0.11452 0.809976247031
10.0 0.654600496496 0.12962 0.8401937046
10.0 0.667747773654 0.12646 0.848130841121
10.0 0.669435659492 0.11514 0.811764705882
10.0 0.663176855103 0.07262 0.818401937046
10.0 0.650124375588 0.11436 0.837962962963
10.0 0.657299693221 0.13852 0.858139534884
10.0 0.658641925478 0.15554 0.852380952381
10.0 0.659504116018 0.12948 0.855477855478
10.0 0.658776187538 0.1171 0.848970251716
10.0 0.659813939988 0.13384 0.848039215686
10.0 0.656338816952 0.11372 0.849411764706
10.0 0.670236389041 0.0922 0.804651162791
10.0 0.673235180133 0.04392 0.836930455635
10.0 0.665808923358 0.0669 0.822843822844
10.0 0.662046168912 0.14146 0.856481481481
10.0 0.665394036998 0.11992 0.78132118451
10.0 0.658441235904 0.13848 0.85046728972
10.0 0.663767467509 0.12568 0.839534883721
10.0 0.659305822861 0.11998 0.822966507177

