10 0.0 10.0 0.13872780823 0.89345 0.99846390169 10.0 0.001 156.691561873
20 0.0 10.0 0.189163703534 0.86448 1.0 10.0 0.001 29.6370495623
30 0.0 10.0 0.25882177511 0.82439 0.993224932249 10.0 0.001 24.5590099708
40 0.0 10.0 0.330880999681 0.78049 0.993288590604 10.0 0.001 20.4384197999
50 0.0 10.0 0.439186917218 0.70031 0.993581514763 10.0 0.001 22.7723411044
60 0.0 10.0 0.522350926205 0.57555 0.97966507177 10.0 0.001 9.99861465308
70 0.0 10.0 0.615215499438 0.39379 0.954599761051 10.0 0.001 2.26835670334
80 0.0 10.0 0.642348365184 0.2552 0.92807424594 10.0 0.001 0.292600163088
90 0.0 10.0 0.659631655069 0.13433 0.868735083532 10.0 0.001 0.147041531097
100 0.0 10.0 0.652531916162 0.1313 0.841860465116 10.0 0.001 0.0173778244573
110 0.0 10.0 0.662173290236 0.12432 0.825730994152 10.0 0.001 0.114516109869
120 0.0 10.0 0.663984337155 0.12378 0.843069873998 10.0 0.001 0.360005359214
130 0.0 10.0 0.662561125964 0.12501 0.826291079812 10.0 0.001 0.219156317475
140 0.0 10.0 0.665361687853 0.12507 0.814385150812 10.0 0.001 0.11580246136
150 0.0 10.0 0.657708988875 0.1272 0.812426729191 10.0 0.001 0.0537140517503
160 0.0 10.0 0.666628747201 0.11732 0.812056737589 10.0 0.001 0.100640551667
170 0.0 10.0 0.654806205617 0.13522 0.859004739336 10.0 0.001 0.0441868824056
180 0.0 10.0 0.666927132521 0.12697 0.81511627907 10.0 0.001 0.0950023070771
190 0.0 10.0 0.652429806855 0.12562 0.826900584795 10.0 0.001 0.147385623332
200 0.0 10.0 0.652998964172 0.13534 0.841491841492 10.0 0.001 0.0925258835143
210 0.0 10.0 0.668255874037 0.1427 0.813148788927 10.0 0.001 0.0623933183547
220 0.0 10.0 0.673239737626 0.1221 0.81090487239 10.0 0.001 0.0172555277662
230 0.0 10.0 0.667333182418 0.11768 0.772567409144 10.0 0.001 0.0642025871668
240 0.0 10.0 0.654111373397 0.13135 0.861374407583 10.0 0.001 0.224137657477
250 0.0 10.0 0.661462637013 0.13114 0.863953488372 10.0 0.001 0.321249628646
260 0.0 10.0 0.665588190292 0.10484 0.805882352941 10.0 0.001 0.203374766922
270 0.0 10.0 0.659412347839 0.1203 0.814858490566 10.0 0.001 0.113548188419
280 0.0 10.0 0.657700275405 0.12657 0.833530106257 10.0 0.001 0.1071307573
290 0.0 10.0 0.664672184856 0.13557 0.810747663551 10.0 0.001 0.0198845586039
300 0.0 10.0 0.665954202069 0.13716 0.860381861575 10.0 0.001 0.0433038324012
310 0.0 10.0 0.66639942605 0.13374 0.834928229665 10.0 0.001 0.0761817318327
320 0.0 10.0 0.656875081874 0.14655 0.858823529412 10.0 0.001 0.0430011889069
330 0.0 10.0 0.65901817046 0.10724 0.829355608592 10.0 0.001 0.0658219261076
340 0.0 10.0 0.662984609726 0.11561 0.86925795053 10.0 0.001 0.34544847012
350 0.0 10.0 0.663938247724 0.1281 0.857981220657 10.0 0.001 0.158422579058
360 0.0 10.0 0.662322915336 0.12255 0.808909730363 10.0 0.001 0.00675514160733
370 0.0 10.0 0.66533746566 0.12331 0.835443037975 10.0 0.001 0.0603676743367
380 0.0 10.0 0.659589059095 0.12436 0.747330960854 10.0 0.001 0.035135881557
390 0.0 10.0 0.658691035984 0.13073 0.860465116279 10.0 0.001 0.127471251363
400 0.0 10.0 0.671827004533 0.09764 0.785798816568 10.0 0.001 0.142838798225
410 0.0 10.0 0.674557760218 0.11108 0.819025522042 10.0 0.001 0.123720892405
420 0.0 10.0 0.656634805339 0.11935 0.85798816568 10.0 0.001 0.179727718547
430 0.0 10.0 0.657515374238 0.12187 0.818700114025 10.0 0.001 0.0177751034432
440 0.0 10.0 0.662353974191 0.13237 0.795166858458 10.0 0.001 0.0957440359416
450 0.0 10.0 0.656838793969 0.13193 0.810141509434 10.0 0.001 0.273581209123
460 0.0 10.0 0.665143541535 0.10967 0.806791569087 10.0 0.001 0.137315532472
470 0.0 10.0 0.661259164103 0.13088 0.831168831169 10.0 0.001 0.0868872412647
480 0.0 10.0 0.663726793936 0.12893 0.81511627907 10.0 0.001 0.0546587151519
490 0.0 10.0 0.653711440477 0.10338 0.824085005903 10.0 0.001 0.145160123167
500 0.0 10.0 0.651516926589 0.13988 0.819672131148 10.0 0.001 0.20719994488
510 0.0 10.0 0.666287452668 0.10495 0.783625730994 10.0 0.001 0.101307461312
520 0.0 10.0 0.664431165946 0.07708 0.854265402844 10.0 0.001 0.106282284054
530 0.0 10.0 0.65501748199 0.1365 0.833906071019 10.0 0.001 0.103403145382
540 0.0 10.0 0.666362269462 0.14129 0.87100591716 10.0 0.001 0.0590736472871
550 0.0 10.0 0.669702818303 0.06081 0.790697674419 10.0 0.001 0.0221902081478
560 0.0 10.0 0.661063387284 0.09889 0.823050058207 10.0 0.001 0.0096122401558
