100 10.0 0.10258598349
200 10.0 0.106526266272
300 10.0 0.110757981908
400 10.0 0.114351792716
500 10.0 0.119309673722
600 10.0 0.122779703456
700 10.0 0.126656216261
800 10.0 0.131664523849
100 10.0 0.103272561698
200 10.0 0.106176581344
100 10.0 0.102295677487
500 10.0 0.121951186775
1000 10.0 0.147731830275
1500 10.0 0.173796618167
2000 10.0 0.203243130795
500 10.0 0.11883446513
1000 10.0 0.143050704498
1500 10.0 0.16963089784
2000 10.0 0.201779963869
2500 10.0 0.235466679396
500 10.0 0.116039565416
1000 10.0 0.137469954377
1500 10.0 0.166968724161
2000 10.0 0.196415568311
2500 10.0 0.229495957061
3000 10.0 0.265000977718
3500 10.0 0.303732578854
4000 10.0 0.353933506292
4500 10.0 0.397957787687
5000 10.0 0.438180413903
5500 10.0 0.485816838331
6000 10.0 0.528221011297
6500 10.0 0.582644111272
7000 10.0 0.616880640389
500 10.0 0.118553658438
1000 10.0 0.136881824962
1500 10.0 0.161784379393
2000 10.0 0.186132557331
2500 10.0 0.213206212881
3000 10.0 0.246767967976
3500 10.0 0.280599605662
4000 10.0 0.315686667581
4500 10.0 0.360439770977
5000 10.0 0.40887670007
5500 10.0 0.460983422641
6000 10.0 0.512445588704
6500 10.0 0.543307786676
7000 10.0 0.580073111781
7500 10.0 0.629013150121
8000 10.0 0.65065880683
8500 10.0 0.659341885979
9000 10.0 0.669225459468
9500 10.0 0.66049396343
10000 10.0 0.671503840055
10500 10.0 0.669475506032
11000 10.0 0.670919642427
11500 10.0 0.659494126678
12000 10.0 0.658834976934
12500 10.0 0.663796672529
13000 10.0 0.653038456392
13500 10.0 0.658892723195
14000 10.0 0.659750019983
14500 10.0 0.661297130644
15000 10.0 0.658102649673
15500 10.0 0.667476816167
16000 10.0 0.647353303527
16500 10.0 0.651526582329
17000 10.0 0.654714956999
17500 10.0 0.672935812708
18000 10.0 0.663989322916
18500 10.0 0.664773896418
19000 10.0 0.668513639252
19500 10.0 0.670343429816
20000 10.0 0.66681512501
20500 10.0 0.646898352309
21000 10.0 0.651975223726
21500 10.0 0.658810767388
22000 10.0 0.66524814482
22500 10.0 0.650774681997
23000 10.0 0.665194520784
23500 10.0 0.661816065409
24000 10.0 0.665121798954
24500 10.0 0.664792034801
25000 10.0 0.661773786044
25500 10.0 0.662194695489
26000 10.0 0.656811893559
26500 10.0 0.65544214194
27000 10.0 0.655784865352
27500 10.0 0.655290796788
28000 10.0 0.65285446449
28500 10.0 0.663773082644
29000 10.0 0.65953239248
29500 10.0 0.666263566708
30000 10.0 0.66529114276
30500 10.0 0.668161717656
31000 10.0 0.662427180116
31500 10.0 0.658795489707
32000 10.0 0.653461549977
32500 10.0 0.654616743745
33000 10.0 0.653652162062
33500 10.0 0.662568131559
34000 10.0 0.666230453622
34500 10.0 0.661642299019
35000 10.0 0.658678782239
35500 10.0 0.656493102656
36000 10.0 0.660328051034
36500 10.0 0.662145578628
37000 10.0 0.666398266065
37500 10.0 0.660175835194
38000 10.0 0.653704794495
38500 10.0 0.657174679423
39000 10.0 0.663893999984
39500 10.0 0.664676705001
40000 10.0 0.669210047077
40500 10.0 0.665430373518
41000 10.0 0.65898080606
41500 10.0 0.660479379401
42000 10.0 0.659511729139
42500 10.0 0.660673641179
43000 10.0 0.663196766323
43500 10.0 0.660927479006
44000 10.0 0.668230172474
44500 10.0 0.661631166464
45000 10.0 0.658894279161
45500 10.0 0.659635403134
46000 10.0 0.663246951517
46500 10.0 0.655433403114
47000 10.0 0.655407978231
47500 10.0 0.651999980935
500 10.0 0.119282635646
1000 10.0 nan
500 10.0 0.121586646637
1000 10.0 0.143030216071
1500 10.0 0.166757553783
2000 10.0 0.196719219354
2500 10.0 0.232764037249
3000 10.0 0.273197523682
3500 10.0 0.313476045398
4000 10.0 0.363255428099
4500 10.0 0.413618817501
5000 10.0 0.464952953883
5500 10.0 0.507758448203
6000 10.0 0.536836681353
6500 10.0 0.57267032365
7000 10.0 0.612515871043
7500 10.0 0.634159554928
8000 10.0 0.664826285129
8500 10.0 0.668872234933
9000 10.0 0.654600496496
9500 10.0 0.667747773654
10000 10.0 0.669435659492
10500 10.0 0.663176855103
11000 10.0 0.650124375588
11500 10.0 0.657299693221
12000 10.0 0.658641925478
12500 10.0 0.659504116018
13000 10.0 0.658776187538
13500 10.0 0.659813939988
14000 10.0 0.656338816952
14500 10.0 0.670236389041
15000 10.0 0.673235180133
15500 10.0 0.665808923358
16000 10.0 0.662046168912
16500 10.0 0.665394036998
17000 10.0 0.658441235904
17500 10.0 0.663767467509
18000 10.0 0.659305822861
500 10.0 0.121014469608
1000 10.0 0.147935971295
1500 10.0 0.18419925833
2000 10.0 0.23834604479
2500 10.0 0.295513925901
3000 10.0 0.363029850319
3500 10.0 0.471527942858
4000 10.0 0.562038230011
4500 10.0 0.645557911866
5000 10.0 0.668049669357
5500 10.0 0.671980088204
6000 10.0 0.657822802056
6500 10.0 0.663492862864
7000 10.0 0.653635183048
7500 10.0 0.650154625904
8000 10.0 0.656078613959
8500 10.0 0.651458771597
9000 10.0 0.657747318394
9500 10.0 0.663843755356
10000 10.0 0.663278361014
10500 10.0 0.66441988446
500 10.0 0.12312986011
1000 10.0 0.148703932609
1500 10.0 0.178895615376
2000 10.0 0.218850660104
2500 10.0 0.280330035824
3000 10.0 0.361933103463
3500 10.0 0.445152472215
4000 10.0 0.547802674672
4500 10.0 0.631437591349
5000 10.0 0.642755887367
5500 10.0 0.652553537104
6000 10.0 0.649064516837
6500 10.0 0.654551404892
7000 10.0 0.671420523493
7500 10.0 0.66339343319
8000 10.0 0.666563048927
500 10.0 0.118555929734
1000 10.0 0.143094469759
1500 10.0 0.180906400502
2000 10.0 0.231486924543
2500 10.0 0.291027074823
3000 10.0 0.372760475633
3500 10.0 0.482499948163
4000 10.0 0.594287743198
4500 10.0 0.659508131711
5000 10.0 0.658255843214
5500 10.0 0.651957964051
6000 10.0 0.651548904835
6500 10.0 0.662286380124
7000 10.0 0.660396406202
7500 10.0 0.663147933351
8000 10.0 0.658297849397
8500 10.0 0.65977887006
9000 10.0 0.659527016327
9500 10.0 0.664220962169
10000 10.0 0.666876926885
10500 10.0 0.672110287683
11000 10.0 0.669077202527
11500 10.0 0.667943461883
12000 10.0 0.666849287492
12500 10.0 0.656693311396
13000 10.0 0.661031416661
13500 10.0 0.663551047107
14000 10.0 0.665982036522
14500 10.0 0.665498412937
15000 10.0 0.665217366297
15500 10.0 0.665006725595
16000 10.0 0.664727190568
16500 10.0 0.661919847976
17000 10.0 0.663580605184
17500 10.0 0.661365703499
18000 10.0 0.665769327937
18500 10.0 0.663830761841
19000 10.0 0.664605476783
19500 10.0 0.663096170608
20000 10.0 0.665671615477
20500 10.0 0.664341194359
21000 10.0 0.665763022132
21500 10.0 0.664092880783
22000 10.0 0.663621236553
22500 10.0 0.664889723606
23000 10.0 0.664696460637
23500 10.0 0.664754505229
24000 10.0 0.665373876022
24500 10.0 0.664438515528
25000 10.0 0.65866604527
25500 10.0 0.665403906109
26000 10.0 0.665266648878
26500 10.0 0.665121147924
27000 10.0 0.664803801714
27500 10.0 0.663784699208
28000 10.0 0.66500725913
28500 10.0 0.665281797531
29000 10.0 0.66465283255
29500 10.0 0.665685340757
30000 10.0 0.662767176575
30500 10.0 nan
31000 10.0 nan
31500 10.0 nan
32000 10.0 nan
32500 10.0 nan
33000 10.0 nan
33500 10.0 nan
34000 10.0 nan
34500 10.0 nan
35000 10.0 nan
35500 10.0 nan
1000 10.0 0.142800134496
2000 10.0 0.208604864073
3000 10.0 0.288006314021
4000 10.0 0.417355732953
1000 10.0 0.141307331414
2000 10.0 0.199647249875
3000 10.0 0.292530450508
4000 10.0 0.401195895706
5000 10.0 0.548866422586
6000 10.0 0.651874551047
7000 10.0 0.653938393802
8000 10.0 0.66335292027
9000 10.0 0.653983928299
10000 10.0 0.657519585275
11000 10.0 0.668003324934
12000 10.0 0.656025432193
13000 10.0 0.657605121647
14000 10.0 0.656891636989
15000 10.0 0.663682614468
1000 10.0 0.139320601822
2000 10.0 0.195918412682
3000 10.0 0.293342443743
4000 10.0 0.419500024984
5000 10.0 0.557114653164
6000 10.0 0.662776666753
7000 10.0 0.670030504392
8000 10.0 0.663725929046
9000 10.0 0.662877317646
10000 10.0 0.663154763355
11000 10.0 0.670168000663
12000 10.0 0.663429140151
13000 10.0 0.653706969418
14000 10.0 0.657556698312
15000 10.0 0.664708596017
16000 10.0 0.664413744059
17000 10.0 0.659894483248
18000 10.0 0.658078564967
19000 10.0 0.669648765329
20000 10.0 0.657408823544
21000 10.0 0.665328452133
22000 10.0 0.667435879473
23000 10.0 0.661285608757
24000 10.0 0.661389075115
25000 10.0 0.663999549432
26000 10.0 0.664340724247
1000 10.0 0.146522071249
2000 10.0 0.212374837968
3000 10.0 0.296211336699
4000 10.0 0.438446856573
5000 10.0 0.616321204424
6000 10.0 0.658306220869
7000 10.0 0.669248156401
8000 10.0 0.648318869415
9000 10.0 0.662444975183
10000 10.0 0.655069269069
11000 10.0 0.641341063337
12000 10.0 0.65476742954
13000 10.0 0.662272776334
14000 10.0 0.64542465269
15000 10.0 0.658484612707
16000 10.0 0.654434936896
17000 10.0 0.665500234212
18000 10.0 0.652304963121
19000 10.0 0.645488627692
20000 10.0 0.661382148718
21000 10.0 0.665024781933
22000 10.0 0.659650302009
23000 10.0 0.650470666563
24000 10.0 0.652553157496
25000 10.0 0.660793818765
26000 10.0 0.654534441219
27000 10.0 0.65170006411
28000 10.0 0.654351372616
29000 10.0 0.661547410793
30000 10.0 0.655843311271
31000 10.0 0.654966305437
32000 10.0 0.659916643279
33000 10.0 0.660932646911
34000 10.0 0.664247406923
35000 10.0 0.647882492841
36000 10.0 0.658132278811
37000 10.0 0.661878853283
38000 10.0 0.653720094681
39000 10.0 0.656578697652
40000 10.0 0.65655960716
41000 10.0 0.668264181729
42000 10.0 0.654384860891
43000 10.0 0.656124347491
44000 10.0 0.644885028811
45000 10.0 0.655542210924
46000 10.0 0.659040135187
47000 10.0 0.655944692083
1000 10.0 0.145023511755
2000 10.0 0.214818741415
3000 10.0 0.299921401497
4000 10.0 0.435332088579
5000 10.0 0.575981268809
10 10.0 0.141724252796
20 10.0 0.196424538471
30 10.0 0.264630934759
40 10.0 0.34776237633
50 10.0 0.428260816224
60 10.0 0.517041415572
70 10.0 0.590273882269
80 10.0 0.640660177296
90 10.0 0.661810004302
100 10.0 0.665640126941
110 10.0 0.669227940415
120 10.0 0.660001806903
130 10.0 0.658622178891
140 10.0 0.664068546792
150 10.0 0.670056431252
160 10.0 0.66140991844
170 10.0 0.659257439346
180 10.0 0.66247578038
190 10.0 0.654220377775
200 10.0 0.661420108095
210 10.0 0.650716938548
220 10.0 0.658724959595
230 10.0 0.663225269711
240 10.0 0.663048054363
250 10.0 0.660681671259
260 10.0 0.668645937703
270 10.0 0.64844657077
280 10.0 0.663404274333
290 10.0 0.65886897872
300 10.0 0.656280538323
310 10.0 0.666747085332
320 10.0 0.66514117561
330 10.0 0.66932445586
340 10.0 0.66030630972
350 10.0 0.659312688178
360 10.0 0.666369524554
370 10.0 0.651606044898
380 10.0 0.647158382392
390 10.0 0.655200396934
400 10.0 0.66300328964
410 10.0 0.659075048211
420 10.0 0.661105970843
430 10.0 0.670923607571
440 10.0 0.665787701407
450 10.0 0.656494102083
460 10.0 0.661183051879
470 10.0 0.649221716127
480 10.0 0.672244917824
490 10.0 0.659281723018
500 10.0 0.667722500815
10 10.0 0.143499962334
20 10.0 0.20494577434
30 10.0 0.295066174894
40 10.0 0.410165296576
50 10.0 0.583178219815
10 10.0 0.144909692149
1 10.0 0.104168499955
2 10.0 0.107419363478
3 10.0 0.114973893776
4 10.0 0.120497545076
5 10.0 0.129493125941
6 10.0 0.137238752573
7 10.0 0.145178202209
8 10.0 0.158694942064
9 10.0 0.169116226424
10 10.0 0.183265435925
1 10.0 0.103711551759
2 10.0 0.108570992601
3 10.0 0.115023924631
4 10.0 0.119345409127
5 10.0 0.126137699964
6 10.0 0.135267651115
7 10.0 0.148357331804
8 10.0 0.15478591645
9 10.0 0.163903627136
10 10.0 0.177798559412
11 10.0 0.19842331087
12 10.0 0.222185587036
13 10.0 0.243100718834
10 10.0 0.142304235236
20 10.0 0.211227633884
30 10.0 0.30887830636
40 10.0 0.443456124495
50 10.0 0.600289532891
60 10.0 0.65738811815
70 10.0 0.651020298442
80 10.0 0.659180897702
90 10.0 0.660399505331
100 10.0 0.665554528237
110 10.0 0.654961980072
120 10.0 0.664446337255
130 10.0 0.65816523703
140 10.0 0.658962243886
150 10.0 0.670956938693
160 10.0 0.669912188319
170 10.0 0.661372379154
180 10.0 0.652721536329
190 10.0 0.648015939092
200 10.0 0.673022763922
210 10.0 0.662218988094
220 10.0 0.662378127922
230 10.0 0.664168852579
240 10.0 0.66566513977
250 10.0 0.662482104351
260 10.0 0.666441322448
270 10.0 0.662499033635
280 10.0 0.656938331519
290 10.0 0.652724942659
300 10.0 0.662445040538
310 10.0 0.664064550412
320 10.0 0.659155728402
330 10.0 0.662011614441
340 10.0 0.659713008758
350 10.0 0.665625918103
360 10.0 0.662961313608
370 10.0 0.660048146998
380 10.0 0.657570496927
390 10.0 0.658501020569
400 10.0 0.659364717824
410 10.0 0.664954153922
420 10.0 0.661498747508
430 10.0 0.668418892724
440 10.0 0.667502770278
450 10.0 0.665006920031
460 10.0 0.657501436712
470 10.0 0.670169322161
480 10.0 0.662785125056
490 10.0 0.663458080813
500 10.0 0.651412683666
510 10.0 0.656847096881
520 10.0 0.660993174161
530 10.0 0.660056279696
540 10.0 0.656672398125
550 10.0 0.66092167447
560 10.0 0.676894551634
10 10.0 0.13872780823
20 10.0 0.189163703534
30 10.0 0.25882177511
40 10.0 0.330880999681
50 10.0 0.439186917218
60 10.0 0.522350926205
70 10.0 0.615215499438
80 10.0 0.642348365184
90 10.0 0.659631655069
100 10.0 0.652531916162
110 10.0 0.662173290236
120 10.0 0.663984337155
130 10.0 0.662561125964
140 10.0 0.665361687853
150 10.0 0.657708988875
160 10.0 0.666628747201
170 10.0 0.654806205617
180 10.0 0.666927132521
190 10.0 0.652429806855
200 10.0 0.652998964172
210 10.0 0.668255874037
220 10.0 0.673239737626
230 10.0 0.667333182418
240 10.0 0.654111373397
250 10.0 0.661462637013
260 10.0 0.665588190292
270 10.0 0.659412347839
280 10.0 0.657700275405
290 10.0 0.664672184856
300 10.0 0.665954202069
310 10.0 0.66639942605
320 10.0 0.656875081874
330 10.0 0.65901817046
340 10.0 0.662984609726
350 10.0 0.663938247724
360 10.0 0.662322915336
370 10.0 0.66533746566
380 10.0 0.659589059095
390 10.0 0.658691035984
400 10.0 0.671827004533
410 10.0 0.674557760218
420 10.0 0.656634805339
430 10.0 0.657515374238
440 10.0 0.662353974191
450 10.0 0.656838793969
460 10.0 0.665143541535
470 10.0 0.661259164103
480 10.0 0.663726793936
490 10.0 0.653711440477
500 10.0 0.651516926589
510 10.0 0.666287452668
520 10.0 0.664431165946
530 10.0 0.65501748199
540 10.0 0.666362269462
550 10.0 0.669702818303
560 10.0 0.661063387284
