10 10 0.1 0.0987382170595 0.000572629251118 195.271058992
20 10 0.1 0.0972449249184 0.00163290314519 74.3379097256
30 10 0.1 0.0993028173943 0.00115804116668 61.9909647807
40 10 0.1 0.102808642613 0.0010792354753 53.7617463393
50 10 0.1 0.104440621867 0.00127527048807 116.403465974
60 10 0.1 0.107266012534 0.00115367976138 108.799269354
70 10 0.1 0.108744192563 0.000888378492198 93.3868285223
80 10 0.1 0.104146725605 0.00140749849541 82.4906504391
90 10 0.1 0.102408847608 0.00180050685024 63.6342727319
100 10 0.1 0.106724786547 0.00199783765745 105.673718762
110 10 0.1 0.106245415853 0.0015430976784 87.1981563277
120 10 0.1 0.103120501874 0.0020612681662 55.3478442063
130 10 0.1 0.105086839963 0.000444450420839 80.8795837715
140 10 0.1 0.122830386934 0.00466845956186 54.2966505295
150 10 0.1 0.1241335681 0.00284378775263 52.4713792602
160 10 0.1 0.127770531135 0.00251126089178 67.9060957741
170 10 0.1 0.127983779392 0.00303193016918 67.4205774829
180 10 0.1 0.149574865194 0.00581550591176 72.0822460069
190 10 0.1 0.16764160192 0.00608087235626 47.8061041584
200 10 0.1 0.163189863526 0.00327449936673 45.1817898956
210 10 0.1 0.164676037088 0.0019786726357 50.3692194472
220 10 0.1 0.185608869157 0.00669508038481 65.8422982265
230 10 0.1 0.202854483667 0.00864633614118 57.7426917685
240 10 0.1 0.197130187925 0.00359569046604 61.1271113659
250 10 0.1 0.163077475241 0.0139488097115 39.7647681986
260 10 0.1 0.140372199359 0.0135023898812 26.0060341092
270 10 0.1 0.194722137171 0.0133086765889 35.1699411472
280 10 0.1 0.19039243221 0.00347425494222 36.5930958685
290 10 0.1 0.196864914489 0.00475121728766 38.1767881894
300 10 0.1 0.216015782629 0.00657788982126 40.9633409882
310 10 0.1 0.212847914751 0.0058610671668 35.9395893542
320 10 0.1 0.221299610017 0.00868583234019 24.6118087443
330 10 0.1 0.245460232144 0.00795903558091 41.5071010365
340 10 0.1 0.257678808717 0.00861860089282 30.1720872292
350 10 0.1 0.236579629564 0.0147749269823 38.7048781569
360 10 0.1 0.2603694365 0.0128372529059 43.0502021502
370 10 0.1 0.285912234994 0.00862377304638 35.26365282
380 10 0.1 0.223627383174 0.0260263559894 24.3922918867
390 10 0.1 0.233184516026 0.0123387773629 43.333237741
400 10 0.1 0.307672629946 0.0322074606013 23.9994472198
410 10 0.1 0.304866469362 0.0214738508788 22.0928572301
420 10 0.1 0.301718404126 0.0115498588788 24.2146955029
430 10 0.1 0.244883871619 0.012336030529 31.0361674818
440 10 0.1 0.29766401668 0.017724765889 41.503035226
450 10 0.1 0.363561804638 0.0183425534194 30.3971688936
460 10 0.1 0.235267478401 0.0529163594785 37.8247144541
470 10 0.1 0.255205010688 0.0131151488535 42.1205162094
480 10 0.1 0.259902106877 0.0109544114265 28.5025467827
490 10 0.1 0.286128211432 0.0304116780413 31.5572942152
500 10 0.1 0.245028708443 0.0147685649453 29.4846702935
510 10 0.1 0.308915319229 0.029415773519 31.1633999766
520 10 0.1 0.358941837009 0.0241073095617 33.3062042843
530 10 0.1 0.29793071401 0.0256999402791 17.3784096293
540 10 0.1 0.280143727026 0.0288765999231 37.869083382
550 10 0.1 0.230567901121 0.0300251898918 46.1170861979
560 10 0.1 0.227933557988 0.0202558600138 35.6184410021
570 10 0.1 0.254440324099 0.0208832402333 40.1104718779
580 10 0.1 0.352842135933 0.057550470078 25.0809102607
590 10 0.1 0.269729852946 0.0344825456955 30.235498459
600 10 0.1 0.225182767384 0.0194711038336 41.8222413576
610 10 0.1 0.306963668186 0.0332733201715 25.499543031
620 10 0.1 0.219421527133 0.0261397722981 30.1714613626
630 10 0.1 0.303547511254 0.0287938453467 26.327878468
640 10 0.1 0.266103715399 0.0216205350101 32.840615079
650 10 0.1 0.277495773437 0.0328926306297 31.4373131873
660 10 0.1 0.26381130184 0.0211731488822 38.6166837352
670 10 0.1 0.281607279859 0.0325675391579 33.5891646203
680 10 0.1 0.173141323546 0.0340995299237 41.5113312035
690 10 0.1 0.249497504852 0.0324613422722 18.8326880676
700 10 0.1 0.24958766161 0.0294665359696 37.3768588404
710 10 0.1 0.24111513807 0.0290314237672 49.5268231855
720 10 0.1 0.268195162584 0.0338819216704 44.3510719531
730 10 0.1 0.32391387784 0.0508803315073 29.6013786017
740 10 0.1 0.219451833101 0.0199077198491 31.8751162437
750 10 0.1 0.232586604901 0.0403513486472 41.8299911666
760 10 0.1 0.249297939755 0.0423897254006 42.9445698554
770 10 0.1 0.257996943524 0.0522884215115 29.8396680316
780 10 0.1 0.236371231571 0.0317482697827 41.963609547
790 10 0.1 0.21799198915 0.0356336415168 35.7141388573
800 10 0.1 0.24211405738 0.0352720882026 30.8768944303
810 10 0.1 0.234853595008 0.0283018171156 36.9442428514
820 10 0.1 0.256690901713 0.0445527723072 21.9532995045
830 10 0.1 0.238431605809 0.0393602538125 33.8838192056
840 10 0.1 0.250970980552 0.0341287302389 28.8961743846
850 10 0.1 0.327999210802 0.0406264238828 24.823944212
860 10 0.1 0.353555810626 0.0583707936378 20.9168803349
870 10 0.1 0.239143806415 0.0285722241662 29.3412758425
880 10 0.1 0.291122195301 0.0282007308297 29.8816329638
890 10 0.1 0.296449536177 0.0414005250068 23.7898451714
900 10 0.1 0.277910702082 0.0364122623637 32.5659331526
910 10 0.1 0.307248010318 0.0553149787924 11.4106984585
920 10 0.1 0.208007665939 0.0435451428974 29.1098215747
930 10 0.1 0.266450550306 0.0176837625766 20.1083570152
940 10 0.1 0.210825295524 0.034390250795 38.707819941
950 10 0.1 0.26140473038 0.0363894086088 26.8276634615
960 10 0.1 0.236424146418 0.0345479077383 27.560161087
970 10 0.1 0.249951741914 0.0332996484775 37.2175427852
980 10 0.1 0.298569820651 0.0444601513221 19.6638780575
990 10 0.1 0.212698509665 0.0490076994756 59.4324948521
1000 10 0.1 0.284652710702 0.0733537657285 31.1046967108
1010 10 0.1 0.213112203607 0.057403557617 56.4381193786
1020 10 0.1 0.261797428795 0.026458589107 26.4847002813
1030 10 0.1 0.223910843869 0.0475110990121 34.0561787608
1040 10 0.1 0.222500978129 0.0494657437067 46.6172463179
1050 10 0.1 0.275725820196 0.0382402540074 37.1748490948
1060 10 0.1 0.1976274026 0.0353244327408 39.3985969029
1070 10 0.1 0.332961320708 0.035035994031 21.9941724149
1080 10 0.1 0.214669385187 0.0319054588289 34.987953708
1090 10 0.1 0.267923721745 0.0565775663294 20.2661441031
1100 10 0.1 0.25679306118 0.0364111633017 27.9848624908
1110 10 0.1 0.189600709844 0.036093923423 48.0933644934
1120 10 0.1 0.20141826158 0.0413920614639 29.5181255021
1130 10 0.1 0.228610309395 0.0279880048152 33.0909740065
1140 10 0.1 0.194004289191 0.0325823178997 31.5617840332
1150 10 0.1 0.212985475919 0.0494373916124 50.1664283068
1160 10 0.1 0.2424318955 0.0428269999716 33.8144729524
1170 10 0.1 0.222444788878 0.0269003368568 32.4906703747
1180 10 0.1 0.301079659491 0.0459792676333 22.7529725496
1190 10 0.1 0.195345187381 0.0321299924632 51.5952157671
1200 10 0.1 0.261068386244 0.0372020852873 20.349150051
1210 10 0.1 0.205041939573 0.0286900193161 49.5141162725
1220 10 0.1 0.272085726962 0.0297979252227 24.0641721872
1230 10 0.1 0.254098703629 0.0386507801396 29.1525892948
1240 10 0.1 0.219184991734 0.0347550463227 32.3161816614
1250 10 0.1 0.269567975047 0.0396409583409 23.3058044337
1260 10 0.1 0.19949459654 0.0306417743724 54.4562044883
1270 10 0.1 0.226718904363 0.0443282788292 45.8885013334
1280 10 0.1 0.238386990262 0.0378254943466 39.5384364447
1290 10 0.1 0.291442450606 0.0362833646157 30.545564401
1300 10 0.1 0.187547187213 0.037917891634 43.2942105042
1310 10 0.1 0.225197696582 0.0469762032284 43.1769785348
1320 10 0.1 0.212555344981 0.0248659406238 45.2501367315
1330 10 0.1 0.187033904278 0.0453518580907 44.5287215981
1340 10 0.1 0.296394937469 0.0238042202732 17.6442048043
1350 10 0.1 0.249053077138 0.0410963949232 8.26682009697
1360 10 0.1 0.211131113439 0.0302872074951 48.9600624094
1370 10 0.1 nan nan nan
1380 10 0.1 nan nan nan
1390 10 0.1 nan nan nan
1400 10 0.1 nan nan nan
1410 10 0.1 nan nan nan
1420 10 0.1 nan nan nan
1430 10 0.1 nan nan nan
1440 10 0.1 nan nan nan
1450 10 0.1 nan nan nan
1460 10 0.1 nan nan nan
1470 10 0.1 nan nan nan
1480 10 0.1 nan nan nan
