100 10 0.1 0.117561253392 0.00595005175145 184.440761534
200 10 0.1 0.12264918822 0.00217060597905 42.9080428541
300 10 0.1 0.148925521396 0.00827111944522 35.2447619391
400 10 0.1 0.151922157524 0.004016542825 50.9874985468
500 10 0.1 0.202452435962 0.0133678918766 25.5032560697
600 10 0.1 0.227711894521 0.0109012065838 26.7130664464
700 10 0.1 0.228938234608 0.00464776339246 35.8671507653
800 10 0.1 0.222846370722 0.00819227680988 33.3321891231
900 10 0.1 0.255427531925 0.00995406152041 30.1681103873
1000 10 0.1 0.250724222652 0.00948955160062 35.3655830848
1100 10 0.1 0.222547790575 0.00948387287888 30.0917632474
1200 10 0.1 0.224193315566 0.0137664434827 46.8977225583
1300 10 0.1 0.324562092986 0.0431654816053 28.731134606
1400 10 0.1 0.293222790038 0.0279539560117 20.729211336
1500 10 0.1 0.301486474049 0.014025657166 28.2148746762
1600 10 0.1 0.238196215243 0.0226021139143 24.6530718462
1700 10 0.1 0.278727097051 0.0163443246291 30.172993381
1800 10 0.1 0.293950152598 0.0266470889199 33.6547061401
1900 10 0.1 0.278388790912 0.0198389216496 12.4461919419
2000 10 0.1 0.368819750487 0.0324936492895 27.8992851772
2100 10 0.2 0.372319732386 0.02343870542 20.1750043058
2200 10 0.2 0.306940837098 0.0445011269909 26.317006653
2300 10 0.2 0.428236632413 0.0400045921483 19.7365871429
2400 10 0.2 0.278137919779 0.0345100414195 33.4655682849
2500 10 0.2 0.355603692901 0.0314900257427 23.9314969622
2600 10 0.2 0.340520526257 0.0291277747267 25.0552203254
2700 10 0.2 0.344138115713 0.0215341557627 16.2924490147
2800 10 0.2 0.270234398335 0.0455861596241 30.4983509083
2900 10 0.2 0.331478564929 0.0227962952988 35.3902857966
3000 10 0.2 0.371646263426 0.0279891596953 25.4566021335
3100 10 0.2 0.255113566662 0.0272353059583 17.5731983199
3200 10 0.2 0.276031738596 0.0263590548529 24.1070112177
3300 10 0.2 0.342854322264 0.0321010457119 17.6065072866
3400 10 0.2 0.28931146 0.0341356413182 40.5222042876
3500 10 0.2 0.39199516019 0.0429174517575 25.3744255252
3600 10 0.2 0.351982149331 0.0303192198607 26.4065382931
3700 10 0.2 0.281978351558 0.0375997267263 34.2967587372
3800 10 0.2 0.337085052011 0.0414982935637 22.8172338096
3900 10 0.2 0.290910775257 0.035940495426 25.9125301684
4000 10 0.2 0.405122815573 0.0460636303402 18.110016477
4100 10 0.4 0.410696143608 0.0302970634022 23.4958628951
4200 10 0.4 0.401626049023 0.0439039822755 20.3537546488
4300 10 0.4 0.344435155154 0.0400375581123 23.0860421653
4400 10 0.4 0.37946341788 0.0357177881231 26.9274450753
4500 10 0.4 0.421941824485 0.0389134371726 25.7221200707
4600 10 0.4 0.419195263281 0.0400942155928 19.0214969519
4700 10 0.4 0.39182505485 0.0330678947352 14.624348867
4800 10 0.4 0.41671984723 0.0432486242412 21.4570290229
4900 10 0.4 0.43312604886 0.0407708388611 11.9817668282
5000 10 0.4 0.368020497305 0.0356053237294 22.2271575338
5100 10 0.4 0.467346403286 0.0362263749605 18.0637040235
5200 10 0.4 0.418164569613 0.0423559391051 17.8203742599
5300 10 0.4 0.440953616358 0.0421322910594 24.6976717263
5400 10 0.4 0.466537165052 0.0370723346297 18.9070634513
5500 10 0.4 0.398573609745 0.03717653209 30.5551074897
5600 10 0.4 0.43003746806 0.0406400138815 22.2039721034
5700 10 0.4 0.45680323341 0.0340688748515 24.0302038641
5800 10 0.4 0.405632532351 0.0366631469357 23.652052014
5900 10 0.4 0.411003000657 0.032459531536 17.9690316931
