1 0.5 0.100635547946
2 0.5 0.101524538105
3 0.5 0.102224399603
4 0.5 0.10202043618
5 0.5 0.102589353363
6 0.5 0.102931423744
7 0.5 0.103944296133
8 0.5 0.10601573458
9 0.5 0.10790779834
10 0.5 0.108133297504
11 0.5 0.108833766448
12 0.5 0.111657194215
13 0.5 0.111966934173
14 0.5 0.110670169275
15 0.5 0.113227710628
16 0.5 0.113403434949
17 0.5 0.112521165679
18 0.5 0.113295844196
19 0.5 0.113183470371
20 0.5 0.11334141884
21 0.5 0.113644283921
22 0.5 0.113457144042
23 0.5 0.114281064168
24 0.5 0.115547760978
25 0.5 0.116432626399
26 0.5 0.118761248408
27 0.5 0.11854849941
28 0.5 0.118322935116
29 0.5 0.118204417182
30 0.5 0.119479952175
31 0.5 0.122380552221
32 0.5 0.123340924577
33 0.5 0.123912733844
34 0.5 0.125126871732
35 0.5 0.125169815418
36 0.5 0.123774349843
37 0.5 0.125538540999
38 0.5 0.125388463602
39 0.5 0.128474858503
40 0.5 0.130025330434
41 0.5 0.131081080999
42 0.5 0.130752793778
43 0.5 0.131195441727
44 0.5 0.132015314852
45 0.5 0.132295993806
46 0.5 0.134010412637
47 0.5 0.135636186185
48 0.5 0.135787220532
49 0.5 0.134077555021
50 0.5 0.135004449305
51 0.5 0.137314279766
52 0.5 0.136341171353
53 0.5 0.13906064996
54 0.5 0.138681764127
55 0.5 0.139099849361
56 0.5 0.138399065115
57 0.5 0.137356954984
58 0.5 0.138187830655
59 0.5 0.138181365019
60 0.5 0.139388698444
61 0.5 0.142123208664
62 0.5 0.14071971372
63 0.5 0.141098847226
64 0.5 0.139963916797
65 0.5 0.140174418746
66 0.5 0.141176811014
67 0.5 0.141418212275
68 0.5 0.144485434334
69 0.5 0.144444690197
70 0.5 0.143912320591
71 0.5 0.14395931999
72 0.5 0.144856010999
73 0.5 0.145338311549
74 0.5 0.147258039481
75 0.5 0.15020345057
76 0.5 0.151065909929
77 0.5 0.149204468902
78 0.5 0.15139782542
79 0.5 0.152738983766
80 0.5 0.152514785791
81 0.5 0.151020312306
82 0.5 0.150365058668
83 0.5 0.150761024479
84 0.5 0.151559695276
85 0.5 0.151776706157
86 0.5 0.151257732844
87 0.5 0.150584697881
88 0.5 0.1540500696
89 0.5 0.156251273279
90 0.5 0.159149977392
91 0.5 0.161977488814
92 0.5 0.163947209644
93 0.5 0.16359156729
94 0.5 0.165040820427
95 0.5 0.165124768307
96 0.5 0.164259327693
97 0.5 0.165736279205
98 0.5 0.163981249554
99 0.5 0.164550881627
100 0.5 0.167738809002
101 0.5 0.166057893417
102 0.5 0.164364893193
103 0.5 0.165939828965
104 0.5 0.167045283171
105 0.5 0.169711813201
106 0.5 0.169402311423
107 0.5 0.172162366222
108 0.5 0.173204416064
109 0.5 0.176449867272
110 0.5 0.176556326139
111 0.5 0.178508267158
112 0.5 0.177486249056
113 0.5 0.177303869245
114 0.5 0.179087950966
115 0.5 0.178808804488
116 0.5 0.179373477654
117 0.5 0.177595206265
118 0.5 0.177917013402
119 0.5 0.178741860606
120 0.5 0.176370817025
121 0.5 0.173893743522
122 0.5 0.174815997023
123 0.5 0.176265112722
124 0.5 0.17664311887
125 0.5 0.174226314414
126 0.5 0.17449349437
127 0.5 0.178681998766
128 0.5 0.178478628266
129 0.5 0.177876592172
130 0.5 0.178980737112
131 0.5 0.178903555995
132 0.5 0.177859934542
133 0.5 0.178034409777
134 0.5 0.180634097495
135 0.5 0.179016143434
136 0.5 0.182657680652
137 0.5 0.186426327603
138 0.5 0.185737599911
139 0.5 0.186547593127
140 0.5 0.190083233296
141 0.5 0.186642870346
142 0.5 0.187391113165
143 0.5 0.184647557321
144 0.5 0.185990341604
145 0.5 0.185174799264
146 0.5 0.187968468317
147 0.5 0.187123383581
148 0.5 0.187758841746
149 0.5 0.189139077761
150 0.5 0.189393881614
151 0.5 0.189395124068
152 0.5 0.188882600183
153 0.5 0.19368032668
154 0.5 0.19494822792
155 0.5 0.19442071454
156 0.5 0.195544215712
157 0.5 0.196279799252
158 0.5 0.198059316386
159 0.5 0.198869276637
160 0.5 0.199424762498
161 0.5 0.200105625708
162 0.5 0.198589130588
163 0.5 0.200483449224
164 0.5 0.20015995521
165 0.5 0.198942373801
166 0.5 0.197936325581
167 0.5 0.197300146286
168 0.5 0.201372696376
169 0.5 0.204025190851
170 0.5 0.205965478985
171 0.5 0.209950167321
172 0.5 0.207307788443
173 0.5 0.206946313808
174 0.5 0.208049471141
175 0.5 0.208441147925
176 0.5 0.212578644036
177 0.5 0.212155428289
178 0.5 0.214132391295
179 0.5 0.216041570637
180 0.5 0.220003503675
181 0.5 0.223825539603
182 0.5 0.227111010271
183 0.5 0.224601835676
184 0.5 0.222765790777
185 0.5 0.220446075342
186 0.5 0.218642654453
187 0.5 0.220294409844
188 0.5 0.224046367042
189 0.5 0.223238417115
190 0.5 0.228506624373
191 0.5 0.224831022268
192 0.5 0.22710812112
193 0.5 0.231672856716
194 0.5 0.226338423256
195 0.5 0.22971544259
196 0.5 0.231617838369
197 0.5 0.233946892659
198 0.5 0.232440365464
199 0.5 0.231879593641
200 0.5 0.232347728498
201 0.5 0.229972110107
202 0.5 0.228441178847
203 0.5 0.227383045749
204 0.5 0.228377497257
205 0.5 0.225032928191
206 0.5 0.22142161966
207 0.5 0.22012508276
208 0.5 0.221229746007
209 0.5 0.218543033675
210 0.5 0.220268542601
211 0.5 0.22028833899
212 0.5 0.220514659391
213 0.5 0.225606203128
214 0.5 0.223584893549
215 0.5 0.230891549594
216 0.5 0.233016809625
217 0.5 0.236456868986
218 0.5 0.23644150872
219 0.5 0.237027149808
220 0.5 0.241583763087
221 0.5 0.242764114926
222 0.5 0.246226737918
223 0.5 0.247208541026
224 0.5 0.24188244342
225 0.5 0.241818099713
226 0.5 0.24016067842
227 0.5 0.238655922157
228 0.5 0.241178141724
229 0.5 0.241771353169
230 0.5 0.240432418676
231 0.5 0.237557968137
232 0.5 0.235872956277
233 0.5 0.237556300589
234 0.5 0.23711450731
235 0.5 0.234463538346
236 0.5 0.22866018464
237 0.5 0.232332246175
238 0.5 0.236027675554
239 0.5 0.241537946521
240 0.5 0.245203430563
241 0.5 0.247991977735
242 0.5 0.246622238197
243 0.5 0.248814894156
244 0.5 0.251501848727
245 0.5 0.254501433335
246 0.5 0.256917711365
247 0.5 0.258359805245
248 0.5 0.25591624825
249 0.5 0.258365957643
250 0.5 0.255561958659
251 0.5 0.258002128867
252 0.5 0.260199408027
253 0.5 0.264067495572
254 0.5 0.262614545959
255 0.5 0.264476051807
256 0.5 0.266520850292
257 0.5 0.26451609239
258 0.5 0.267694606846
259 0.5 0.270801982195
260 0.5 0.273853810087
261 0.5 0.276454832322
262 0.5 0.276473896103
263 0.5 0.276427833958
264 0.5 0.276596256486
265 0.5 0.280972023949
266 0.5 0.280810314
267 0.5 0.284214720434
268 0.5 0.280847389385
269 0.5 0.283309947966
270 0.5 0.283662545159
271 0.5 0.283019338078
272 0.5 0.280070641169
273 0.5 0.280693912157
274 0.5 0.281053802417
275 0.5 0.281950921392
276 0.5 0.284803045477
277 0.5 0.280484125365
278 0.5 0.284589943729
279 0.5 0.286039720617
280 0.5 0.287053016649
281 0.5 0.288436220553
282 0.5 0.287269216402
283 0.5 0.287826135242
284 0.5 0.288980366493
285 0.5 0.291589346292
286 0.5 0.294991627521
287 0.5 0.292997768455
288 0.5 0.29037393847
289 0.5 0.288339584056
290 0.5 0.284800920025
291 0.5 0.282621102062
292 0.5 0.281854161318
293 0.5 0.282760471589
294 0.5 0.27977106015
295 0.5 0.276675320236
296 0.5 0.273587324665
297 0.5 0.270116584439
298 0.5 0.265914570159
299 0.5 0.265570299967
300 0.5 0.264869343276
301 0.5 0.266273196799
302 0.5 0.270636834794
303 0.5 0.269052921845
304 0.5 0.268935492565
305 0.5 0.269380461682
306 0.5 0.267688428579
307 0.5 0.262826179025
308 0.5 0.262332308328
309 0.5 0.261646154962
310 0.5 0.26158581129
311 0.5 0.262065125088
312 0.5 0.261358122642
313 0.5 0.262990720731
314 0.5 0.264158260428
315 0.5 0.266122616513
316 0.5 0.27011714642
317 0.5 0.270783952966
318 0.5 0.274004222612
319 0.5 0.273702772446
320 0.5 0.27416332859
321 0.5 0.273514541906
322 0.5 0.270648219002
323 0.5 0.269522435245
324 0.5 0.266630655289
325 0.5 0.269434901998
326 0.5 0.27239725025
327 0.5 0.277647031553
328 0.5 0.275603007304
329 0.5 0.274067191397
330 0.5 0.273962768264
331 0.5 0.279480486451
332 0.5 0.279564267661
333 0.5 0.283659281585
334 0.5 0.286363750855
335 0.5 0.286130491987
336 0.5 0.28745881729
337 0.5 0.287660833028
338 0.5 0.294374049059
339 0.5 0.296731600994
340 0.5 0.299371530441
341 0.5 0.294254028476
342 0.5 0.297752732764
343 0.5 0.297778111356
344 0.5 0.297927152509
345 0.5 0.30119340358
346 0.5 0.305567972736
347 0.5 0.300711951726
348 0.5 0.308059834214
349 0.5 0.3135491946
350 0.5 0.306728300142
351 0.5 0.302088693277
352 0.5 0.307238094486
353 0.5 0.305491094594
354 0.5 0.30936816081
355 0.5 0.310847179745
356 0.5 0.309949008768
357 0.5 0.310539781901
358 0.5 0.307045212937
359 0.5 0.306302384154
360 0.5 0.310751004413
361 0.5 0.313398713837
362 0.5 0.313666258198
363 0.5 0.306513547935
364 0.5 0.308029981952
365 0.5 0.30615181175
366 0.5 0.310361704192
367 0.5 0.310608185735
368 0.5 0.310106175936
369 0.5 0.313513220687
370 0.5 0.316051893749
371 0.5 0.318419925842
372 0.5 0.321498206908
373 0.5 0.318601695094
374 0.5 0.315643702794
375 0.5 0.312933265641
376 0.5 0.315858112576
377 0.5 0.312553651502
378 0.5 0.317567582342
379 0.5 0.309726836086
380 0.5 0.309056716809
381 0.5 0.306209383948
382 0.5 0.307558882349
383 0.5 0.306977120073
384 0.5 0.305521781206
385 0.5 0.303934202815
386 0.5 0.304599891139
387 0.5 0.302943761301
388 0.5 0.303055700392
389 0.5 0.299912707069
390 0.5 0.296868902973
391 0.5 0.29930151586
392 0.5 0.297332659612
393 0.5 0.298470873218
394 0.5 0.3063045682
395 0.5 0.310075076714
396 0.5 0.31031104045
397 0.5 0.314568638935
398 0.5 0.312526959808
399 0.5 0.313039045187
400 0.5 0.31290940563
401 0.5 0.318005538586
402 0.5 0.317740189086
403 0.5 0.319740540184
404 0.5 0.318651138522
405 0.5 0.315743486081
406 0.5 0.318519076899
407 0.5 0.320962205775
408 0.5 0.318652987006
409 0.5 0.319692491992
410 0.5 0.317562536001
411 0.5 0.319144614003
412 0.5 0.318612708756
413 0.5 0.322007274685
414 0.5 0.322134735362
415 0.5 0.323701669832
416 0.5 0.324717866827
417 0.5 0.324036198665
418 0.5 0.321238334013
419 0.5 0.324194529833
420 0.5 0.323008218061
421 0.5 0.328991575088
422 0.5 0.332746481808
423 0.5 0.332089272845
424 0.5 0.334945894343
425 0.5 0.337579902259
426 0.5 0.335196046673
427 0.5 0.338730852017
428 0.5 0.340243163526
429 0.5 0.333167862663
430 0.5 0.32606068702
431 0.5 0.328509747773
432 0.5 0.334210931573
433 0.5 0.33527291803
434 0.5 0.335742022599
435 0.5 0.332892638166
436 0.5 0.335742703312
437 0.5 0.341473505833
438 0.5 0.345922949458
439 0.5 0.34725700627
440 0.5 0.351422749195
441 0.5 0.360059286056
442 0.5 0.361296565131
443 0.5 0.361855553564
444 0.5 0.363250880761
445 0.5 0.356976120063
446 0.5 0.354014475436
447 0.5 0.352309666613
448 0.5 0.355244704792
449 0.5 0.358825900964
450 0.5 0.358260220401
451 0.5 0.356020556808
452 0.5 0.358962783599
453 0.5 0.356884495826
454 0.5 0.36137563759
455 0.5 0.363533502396
456 0.5 0.362190510374
457 0.5 0.363133799802
458 0.5 0.362836853145
459 0.5 0.36234910128
460 0.5 0.364159886073
461 0.5 0.365978611608
462 0.5 0.366131956019
463 0.5 0.366039122746
464 0.5 0.363681853347
465 0.5 0.3656910047
466 0.5 0.367311227443
467 0.5 0.365327832946
468 0.5 0.369257804645
469 0.5 0.372740865333
470 0.5 0.366263453567
471 0.5 0.368630108063
472 0.5 0.364652274213
473 0.5 0.364834666712
474 0.5 0.36608990003
475 0.5 0.362828888654
476 0.5 0.364971955636
477 0.5 0.362954419223
478 0.5 0.364012760385
479 0.5 0.364829022103
480 0.5 0.362892827354
481 0.5 0.363588128683
482 0.5 0.364967519863
483 0.5 0.360404105464
484 0.5 0.362423322541
485 0.5 0.363864756628
486 0.5 0.37026167931
487 0.5 0.367771577705
488 0.5 0.365227184726
489 0.5 0.363037982922
490 0.5 0.368884781514
491 0.5 0.364965449439
492 0.5 0.36332521441
493 0.5 0.364738033801
494 0.5 0.374291017056
495 0.5 0.382730710053
496 0.5 0.383603471752
497 0.5 0.382428650761
498 0.5 0.37799361903
499 0.5 0.37757138175
500 0.5 0.379902181229
501 0.5 0.381002875529
502 0.5 0.390552332426
503 0.5 0.392350695147
504 0.5 0.395623096461
505 0.5 0.39710965853
506 0.5 0.397421122672
507 0.5 0.397337652654
508 0.5 0.399690807436
509 0.5 0.401400322646
510 0.5 0.407054054406
511 0.5 0.398997452028
512 0.5 0.400230098093
513 0.5 0.404693662908
514 0.5 0.405907775654
515 0.5 0.41298881063
516 0.5 0.412500573123
517 0.5 0.408486986931
518 0.5 0.403139486133
519 0.5 0.40296901773
520 0.5 0.406256580589
521 0.5 0.408373729723
522 0.5 0.40519110557
523 0.5 0.400798372243
524 0.5 0.396341992696
525 0.5 0.395514365475
526 0.5 0.393674745464
527 0.5 0.391897866717
528 0.5 0.392860958325
529 0.5 0.398718830252
530 0.5 0.395828220439
531 0.5 0.397705165485
532 0.5 0.400050855384
533 0.5 0.40341183334
534 0.5 0.400221068359
535 0.5 0.403375395676
536 0.5 0.400336302624
537 0.5 0.402034754475
538 0.5 0.399902238317
539 0.5 0.398756620786
540 0.5 0.402646685266
541 0.5 0.405058396121
542 0.5 0.406250584418
543 0.5 0.402676656786
544 0.5 0.402830628199
545 0.5 0.405890190472
546 0.5 0.416196915587
547 0.5 0.416993128843
548 0.5 0.413508743952
549 0.5 0.411765668092
550 0.5 0.411276643585
551 0.5 0.413319113581
552 0.5 0.421102162505
553 0.5 0.423779405788
554 0.5 0.428625622962
555 0.5 0.433237917706
556 0.5 0.43000114481
557 0.5 0.424890722813
558 0.5 0.433917135871
559 0.5 0.441159183863
560 0.5 0.442759278211
561 0.5 0.444578039944
562 0.5 0.437980173654
563 0.5 0.437556272183
564 0.5 0.451315755265
565 0.5 0.446504411129
566 0.5 0.444164046325
567 0.5 0.446153744586
568 0.5 0.451669719134
569 0.5 0.453776491659
570 0.5 0.45594825387
571 0.5 0.449957436661
572 0.5 0.455602919978
573 0.5 0.451241303513
574 0.5 0.443638906064
575 0.5 0.455049833963
576 0.5 0.452553083432
577 0.5 0.456720845335
578 0.5 0.452631952543
579 0.5 0.446818103846
580 0.5 0.449122115627
581 0.5 0.451950582248
582 0.5 0.45526564708
583 0.5 0.458181353358
584 0.5 0.462383950797
585 0.5 0.45849458895
586 0.5 0.458010110849
587 0.5 0.457824971365
588 0.5 0.455925945506
589 0.5 0.463893138644
590 0.5 0.466623033353
591 0.5 0.463525016714
592 0.5 0.46639125446
593 0.5 0.459160342358
594 0.5 0.461596816965
595 0.5 0.453182331544
596 0.5 0.456058957402
597 0.5 0.450617501899
598 0.5 0.450495391503
599 0.5 0.453195527702
600 0.5 0.454690944585
601 0.5 0.451813747459
602 0.5 0.45892157208
603 0.5 0.45992880223
604 0.5 0.460614023113
605 0.5 0.458887435564
606 0.5 0.459255310123
607 0.5 0.456751593101
608 0.5 0.457293830777
609 0.5 0.457613714739
610 0.5 0.463663582832
611 0.5 0.467879261883
612 0.5 0.465986507136
613 0.5 0.468750818141
614 0.5 0.469162432547
615 0.5 0.46528017325
616 0.5 0.461566380525
617 0.5 0.462614068706
618 0.5 0.460596096146
619 0.5 0.464503581708
620 0.5 0.462085227251
621 0.5 0.464956217518
622 0.5 0.469638729887
623 0.5 0.469285346018
624 0.5 0.476422976305
625 0.5 0.479921467119
626 0.5 0.473424067922
627 0.5 0.476789657543
628 0.5 0.476945648602
629 0.5 0.484345281592
630 0.5 0.478470503771
631 0.5 0.485891629644
632 0.5 0.47843524565
633 0.5 0.479536155134
634 0.5 0.481321443519
635 0.5 0.478752078763
636 0.5 0.470198731238
637 0.5 0.469921722843
638 0.5 0.475973390341
639 0.5 0.4776271408
640 0.5 0.472072762034
641 0.5 0.466750146239
642 0.5 0.471429696317
643 0.5 0.477605917353
644 0.5 0.476102286836
645 0.5 0.470841781353
646 0.5 0.477121892226
