1 1.0 0.10057455234
2 1.0 0.101965074529
3 1.0 0.102827384185
4 1.0 0.103787337427
5 1.0 0.104377024096
6 1.0 0.104651667184
7 1.0 0.107347053697
8 1.0 0.11078548995
9 1.0 0.109884016316
10 1.0 0.110030001702
11 1.0 0.109892522662
12 1.0 0.111060969788
13 1.0 0.113307507835
14 1.0 0.114135290641
15 1.0 0.11554303394
16 1.0 0.11676333848
17 1.0 0.117253984265
18 1.0 0.120019695086
19 1.0 0.119938825192
20 1.0 0.120254203556
21 1.0 0.120839064177
22 1.0 0.122312887715
23 1.0 0.122348813639
24 1.0 0.123186660254
25 1.0 0.124715111963
26 1.0 0.126236117876
27 1.0 0.12639854572
28 1.0 0.127676933355
29 1.0 0.12744303573
30 1.0 0.126116949969
31 1.0 0.125565497791
32 1.0 0.126453191364
33 1.0 0.126784913372
34 1.0 0.128469003277
35 1.0 0.127931492298
36 1.0 0.128716317634
37 1.0 0.130368672345
38 1.0 0.132384630944
39 1.0 0.133717045231
40 1.0 0.134895934805
41 1.0 0.135926392908
42 1.0 0.139595981894
43 1.0 0.140718029517
44 1.0 0.143107925947
45 1.0 0.144178752679
46 1.0 0.146389151304
47 1.0 0.147261464257
48 1.0 0.14644669416
49 1.0 0.14715303747
50 1.0 0.14853805308
51 1.0 0.150794717576
52 1.0 0.152956599521
53 1.0 0.157629208265
54 1.0 0.158216824307
55 1.0 0.160402794772
56 1.0 0.161401317805
57 1.0 0.163698089532
58 1.0 0.164958641496
59 1.0 0.168049906019
60 1.0 0.169753903923
61 1.0 0.169511623468
62 1.0 0.170307138635
63 1.0 0.170171102224
64 1.0 0.169243528317
65 1.0 0.1727949003
66 1.0 0.174690692342
67 1.0 0.176991944686
68 1.0 0.178926333198
69 1.0 0.181509142128
70 1.0 0.182664972851
71 1.0 0.184272669778
72 1.0 0.185610669544
73 1.0 0.191943773145
74 1.0 0.196299712924
75 1.0 0.192738804628
76 1.0 0.195760890324
77 1.0 0.19648496217
78 1.0 0.201411433776
79 1.0 0.203215695524
80 1.0 0.203792307158
81 1.0 0.207531391782
82 1.0 0.206181176829
83 1.0 0.207464780786
84 1.0 0.208572923247
85 1.0 0.208916699374
86 1.0 0.209733222262
87 1.0 0.209745658397
88 1.0 0.21213365817
89 1.0 0.21389975027
90 1.0 0.218366463296
91 1.0 0.216183679005
92 1.0 0.217448566693
93 1.0 0.21876370652
94 1.0 0.221098431672
95 1.0 0.224018720682
96 1.0 0.229496457035
97 1.0 0.231816336274
98 1.0 0.234111206998
99 1.0 0.233684780026
100 1.0 0.234803297139
101 1.0 0.2403629699
102 1.0 0.241341213104
103 1.0 0.24244827967
104 1.0 0.247283615895
105 1.0 0.246602239983
106 1.0 0.244855350936
107 1.0 0.244681213022
108 1.0 0.247981572098
109 1.0 0.248584746791
110 1.0 0.250818548146
111 1.0 0.251686643928
112 1.0 0.247537633695
113 1.0 0.248426340137
114 1.0 0.250734955587
115 1.0 0.256301739957
116 1.0 0.255091764896
117 1.0 0.261976134032
118 1.0 0.264814667303
119 1.0 0.265648246066
120 1.0 0.267462841756
121 1.0 0.271345721819
122 1.0 0.271775190447
123 1.0 0.274395445539
124 1.0 0.274859412011
125 1.0 0.276981305947
126 1.0 0.281195861846
127 1.0 0.280760156072
128 1.0 0.281634487496
129 1.0 0.282274953269
130 1.0 0.280221986599
131 1.0 0.2801093305
132 1.0 0.284209626662
133 1.0 0.288202335985
134 1.0 0.283885074765
135 1.0 0.286459553397
136 1.0 0.28565506412
137 1.0 0.293608819877
138 1.0 0.297470955769
139 1.0 0.293638669438
140 1.0 0.292595957195
141 1.0 0.293641148273
142 1.0 0.293086474639
143 1.0 0.293525325836
144 1.0 0.298333831676
145 1.0 0.302557807101
146 1.0 0.302692956866
147 1.0 0.303526131577
148 1.0 0.307574156282
149 1.0 0.311560484083
150 1.0 0.308441580901
151 1.0 0.311436913022
152 1.0 0.314163571041
153 1.0 0.310589431428
154 1.0 0.310757665949
155 1.0 0.315409943505
156 1.0 0.311171441977
157 1.0 0.310299203681
158 1.0 0.309106165652
159 1.0 0.312456093445
160 1.0 0.313192887666
161 1.0 0.311015680364
162 1.0 0.316175242251
163 1.0 0.315921250613
164 1.0 0.317878352291
165 1.0 0.316438877054
166 1.0 0.323492953259
167 1.0 0.32494767917
168 1.0 0.325913632748
169 1.0 0.32644114774
170 1.0 0.328862973299
171 1.0 0.325834016437
172 1.0 0.323979791772
173 1.0 0.321588948163
174 1.0 0.324041249946
175 1.0 0.321814961289
176 1.0 0.322552098088
177 1.0 0.325432633899
178 1.0 0.326201301574
179 1.0 0.329630955554
180 1.0 0.329894132848
181 1.0 0.33115960711
182 1.0 0.333567395237
183 1.0 0.339099400104
184 1.0 0.347586143345
185 1.0 0.343447412717
186 1.0 0.348937791226
187 1.0 0.349647282166
188 1.0 0.345471915105
189 1.0 0.339758728039
190 1.0 0.341974841545
191 1.0 0.338475444401
192 1.0 0.343821894532
193 1.0 0.339518941314
194 1.0 0.343966565112
195 1.0 0.346012302019
196 1.0 0.354747175622
197 1.0 0.353144846372
198 1.0 0.351892021015
199 1.0 0.349297998888
200 1.0 0.352267473963
201 1.0 0.355388312148
202 1.0 0.359369853026
203 1.0 0.361090641864
204 1.0 0.364339285742
205 1.0 0.366994265695
206 1.0 0.370168194134
207 1.0 0.368760510526
208 1.0 0.370449360071
209 1.0 0.366774700229
210 1.0 0.366022502734
211 1.0 0.36578506377
212 1.0 0.365197845109
213 1.0 0.363433005455
214 1.0 0.373682077743
215 1.0 0.376639572002
216 1.0 0.380570422894
217 1.0 0.375872564435
218 1.0 0.382326218682
219 1.0 0.380588649003
220 1.0 0.393672804421
221 1.0 0.396347592789
222 1.0 0.394975399177
223 1.0 0.397487894963
224 1.0 0.398291607685
225 1.0 0.397273134448
226 1.0 0.396665668613
227 1.0 0.397991671252
228 1.0 0.398671665045
229 1.0 0.395683536122
230 1.0 0.395029629256
231 1.0 0.397450896759
232 1.0 0.406062603208
233 1.0 0.409591601692
234 1.0 0.411576201411
235 1.0 0.413981105209
236 1.0 0.418705099212
237 1.0 0.418533326114
238 1.0 0.4202539025
239 1.0 0.424940906131
240 1.0 0.429918203798
241 1.0 0.429824384831
242 1.0 0.434602431846
243 1.0 0.435802842269
244 1.0 0.4350896267
245 1.0 0.432094397341
246 1.0 0.431609087368
247 1.0 0.434786889995
248 1.0 0.44154306782
249 1.0 0.433753313567
250 1.0 0.432015293877
251 1.0 0.434339824549
252 1.0 0.429757671321
253 1.0 0.427320165367
254 1.0 0.432591721631
255 1.0 0.430920136759
256 1.0 0.432819182317
257 1.0 0.428246713178
258 1.0 0.427861721519
259 1.0 0.423552047807
260 1.0 0.431543964795
261 1.0 0.428215498172
262 1.0 0.430464406162
263 1.0 0.426911076947
264 1.0 0.431295245522
265 1.0 0.436353484305
266 1.0 0.442632539969
267 1.0 0.447445211506
268 1.0 0.450132270452
269 1.0 0.451391127313
270 1.0 0.451271172154
271 1.0 0.450286761248
272 1.0 0.452403462713
273 1.0 0.456319737167
274 1.0 0.462421023082
275 1.0 0.46228068763
276 1.0 0.471479759315
277 1.0 0.468911295151
278 1.0 0.464377333507
279 1.0 0.469209277035
280 1.0 0.473288870244
281 1.0 0.479950235206
282 1.0 0.480223630849
283 1.0 0.483753600633
284 1.0 0.476498519609
285 1.0 0.475734968518
286 1.0 0.476844173448
287 1.0 0.483343748647
288 1.0 0.487314860263
289 1.0 0.483608926563
290 1.0 0.475623646704
291 1.0 0.480474903229
292 1.0 0.482675386224
293 1.0 0.489780939409
294 1.0 0.488814467266
295 1.0 0.48725317711
296 1.0 0.492740826151
297 1.0 0.488973135955
298 1.0 0.490699410298
299 1.0 0.499663506058
300 1.0 0.505285516804
301 1.0 0.508406140748
302 1.0 0.510346826416
303 1.0 0.513280526387
304 1.0 0.508968060716
305 1.0 0.515421674666
306 1.0 0.527047100156
307 1.0 0.516861329866
308 1.0 0.520191127342
309 1.0 0.521882818716
310 1.0 0.511133845661
311 1.0 0.503999288966
312 1.0 0.506436906038
313 1.0 0.499367344029
314 1.0 0.500063383008
315 1.0 0.502639990071
316 1.0 0.502724795772
317 1.0 0.500514190881
318 1.0 0.507780979479
319 1.0 0.512112838041
320 1.0 0.501807337452
321 1.0 0.501263914424
322 1.0 0.490160951137
323 1.0 0.488238548606
324 1.0 0.481948154793
325 1.0 0.474582093673
326 1.0 0.472932167059
327 1.0 0.477869304007
328 1.0 0.480372665852
329 1.0 0.479018897283
330 1.0 0.486070015661
331 1.0 0.490036083228
332 1.0 0.4916582843
333 1.0 0.494822003091
334 1.0 0.490959374083
335 1.0 0.496894937078
336 1.0 0.494477395739
337 1.0 0.494884645347
338 1.0 0.498226419666
339 1.0 0.498961324783
340 1.0 0.505154223541
341 1.0 0.506595903437
342 1.0 0.502540263266
343 1.0 0.510729844383
344 1.0 0.513254145328
345 1.0 0.518224722721
346 1.0 0.518788388562
347 1.0 0.51760837193
348 1.0 0.515057413902
349 1.0 0.525942929412
350 1.0 0.51618848943
351 1.0 0.505491963486
352 1.0 0.497585209978
353 1.0 0.492929589068
354 1.0 0.496898263306
355 1.0 0.505854580599
356 1.0 0.501916218862
357 1.0 0.491404250661
358 1.0 0.485524587479
359 1.0 0.485654292275
360 1.0 0.500113198052
361 1.0 0.507870104439
362 1.0 0.508309576567
363 1.0 0.513049267368
364 1.0 0.506692774546
365 1.0 0.495716516765
366 1.0 0.488033355699
367 1.0 0.486583892097
368 1.0 0.493536180709
369 1.0 0.502701664586
370 1.0 0.496894029856
371 1.0 0.501030857789
372 1.0 0.501858820245
373 1.0 0.497898457249
374 1.0 0.50023072715
375 1.0 0.499355392618
376 1.0 0.510876837313
377 1.0 0.514955485793
378 1.0 0.510430799137
379 1.0 0.504726994013
380 1.0 0.50743216947
381 1.0 0.504969539248
382 1.0 0.514403130104
383 1.0 0.510914341431
384 1.0 0.515023183642
385 1.0 0.518691664101
386 1.0 0.5118565871
387 1.0 0.50623387395
388 1.0 0.511469958036
389 1.0 0.508918101568
390 1.0 0.496010633722
391 1.0 0.489016967344
392 1.0 0.489391056735
393 1.0 0.488596479319
394 1.0 0.483865262444
395 1.0 0.48151395716
396 1.0 0.476629748376
397 1.0 0.469985630824
398 1.0 0.463111959606
399 1.0 0.468409467012
400 1.0 0.469010028124
401 1.0 0.471293710403
402 1.0 0.472365549748
403 1.0 0.474634407418
404 1.0 0.481172038446
405 1.0 0.481468328323
406 1.0 0.490484218392
407 1.0 0.483104838754
408 1.0 0.480325060505
409 1.0 0.47800469819
410 1.0 0.467689297368
411 1.0 0.476168083026
412 1.0 0.481336345064
413 1.0 0.484939144827
414 1.0 0.492983616691
415 1.0 0.494816009255
416 1.0 0.496616021598
417 1.0 0.50095808197
418 1.0 0.505012890998
419 1.0 0.505467697142
420 1.0 0.505239175951
421 1.0 0.505990913607
422 1.0 0.502811220481
423 1.0 0.504372426483
424 1.0 0.504253245322
425 1.0 0.507646009139
426 1.0 0.505994034393
427 1.0 0.508869965993
428 1.0 0.508315635722
429 1.0 0.50455731028
