1 2.0 0.101382903703
2 2.0 0.103575636432
3 2.0 0.104644516216
4 2.0 0.106733389333
5 2.0 0.109328561513
6 2.0 0.111540875079
7 2.0 0.111595153929
8 2.0 0.112396411464
9 2.0 0.114487203747
10 2.0 0.116678752008
11 2.0 0.119395768072
12 2.0 0.123384719996
13 2.0 0.125349360823
14 2.0 0.130483662159
15 2.0 0.132788987379
16 2.0 0.133465133657
17 2.0 0.13674949457
18 2.0 0.1387823469
19 2.0 0.140238653334
20 2.0 0.142365483966
21 2.0 0.144958360942
22 2.0 0.149307557811
23 2.0 0.151326194251
24 2.0 0.15364659873
25 2.0 0.156680552613
26 2.0 0.157754550104
27 2.0 0.161125770268
28 2.0 0.16122242246
29 2.0 0.163213971106
30 2.0 0.164412704119
31 2.0 0.164609963303
32 2.0 0.167423411219
33 2.0 0.168889017432
34 2.0 0.170600127219
35 2.0 0.173381452763
36 2.0 0.17507820605
37 2.0 0.178682270892
38 2.0 0.182196934214
39 2.0 0.18524253092
40 2.0 0.189768840358
41 2.0 0.193009755978
42 2.0 0.193408008005
43 2.0 0.197161293173
44 2.0 0.199624164656
45 2.0 0.204417096613
46 2.0 0.208413203471
47 2.0 0.212975746386
48 2.0 0.216835028067
49 2.0 0.218095933588
50 2.0 0.2226733246
51 2.0 0.225051588129
52 2.0 0.228309142666
53 2.0 0.232967020258
54 2.0 0.236928700376
55 2.0 0.241631910978
56 2.0 0.244021326071
57 2.0 0.246612415418
58 2.0 0.246711381627
59 2.0 0.248934626662
60 2.0 0.252538286695
61 2.0 0.25487167261
62 2.0 0.260047421758
63 2.0 0.261580604837
64 2.0 0.263510186951
65 2.0 0.264335102946
66 2.0 0.269315298551
67 2.0 0.265878858886
68 2.0 0.275128177256
69 2.0 0.277198685463
70 2.0 0.281943232022
71 2.0 0.282741441741
72 2.0 0.288283145126
73 2.0 0.286720509944
74 2.0 0.285030932993
75 2.0 0.287299548831
76 2.0 0.285694214176
77 2.0 0.293254110232
78 2.0 0.297543587511
79 2.0 0.303741206075
80 2.0 0.308104567487
81 2.0 0.311934775588
82 2.0 0.311421770854
83 2.0 0.318524686212
84 2.0 0.324359752985
85 2.0 0.327866456124
86 2.0 0.325843457413
87 2.0 0.33194796431
88 2.0 0.338669260332
89 2.0 0.339461596598
90 2.0 0.345281216662
91 2.0 0.350776556782
92 2.0 0.356000684471
93 2.0 0.358828119185
94 2.0 0.362375232264
95 2.0 0.368486685093
96 2.0 0.37552211774
97 2.0 0.378663616241
98 2.0 0.38796805607
99 2.0 0.393347934755
100 2.0 0.390086655443
101 2.0 0.392808090035
102 2.0 0.398471795952
103 2.0 0.402958080229
104 2.0 0.407339179442
105 2.0 0.407937064624
106 2.0 0.41403134708
107 2.0 0.419061547681
108 2.0 0.428229243213
109 2.0 0.432165052912
110 2.0 0.439376819557
111 2.0 0.447365700597
112 2.0 0.447042194685
113 2.0 0.45144758963
114 2.0 0.454834626976
115 2.0 0.46151299369
116 2.0 0.461975774652
117 2.0 0.466255670421
118 2.0 0.474655046581
119 2.0 0.47934285779
120 2.0 0.480086531122
121 2.0 0.477125248863
122 2.0 0.485483958774
123 2.0 0.48571214167
124 2.0 0.495907070398
125 2.0 0.499472534417
126 2.0 0.501811972694
127 2.0 0.510426733049
128 2.0 0.515129746867
129 2.0 0.511462836422
130 2.0 0.513797657146
131 2.0 0.517607909281
132 2.0 0.516790482318
133 2.0 0.52320696256
134 2.0 0.529308230971
135 2.0 0.528575429201
136 2.0 0.534356088014
137 2.0 0.5287443048
138 2.0 0.526239492006
139 2.0 0.521426203087
140 2.0 0.522034297
141 2.0 0.514982986674
142 2.0 0.519980913008
143 2.0 0.517702766933
144 2.0 0.527288408287
145 2.0 0.523901427274
146 2.0 0.524060221232
147 2.0 0.517559558532
148 2.0 0.520221611465
149 2.0 0.52258301418
150 2.0 0.516820733097
151 2.0 0.514109673171
152 2.0 0.50698220973
153 2.0 0.504552721532
154 2.0 0.504295114659
155 2.0 0.505542993712
156 2.0 0.510923722815
157 2.0 0.51013877664
158 2.0 0.505173712767
159 2.0 0.506261584768
160 2.0 0.503229302982
161 2.0 0.500354789609
162 2.0 0.501041957083
163 2.0 0.5091077057
164 2.0 0.51177062505
165 2.0 0.512876393136
166 2.0 0.516287625766
167 2.0 0.520159092438
168 2.0 0.513972279184
169 2.0 0.515312909548
170 2.0 0.51950365089
171 2.0 0.531062463963
172 2.0 0.535629302337
173 2.0 0.53625867701
174 2.0 0.55252727584
175 2.0 0.555861161191
176 2.0 0.555683087908
177 2.0 0.54893414426
178 2.0 0.548666981103
179 2.0 0.546723986226
180 2.0 0.54447352417
181 2.0 0.547474749132
182 2.0 0.547513405453
183 2.0 0.549972190394
184 2.0 0.545741154237
185 2.0 0.538532394109
186 2.0 0.526962847748
187 2.0 0.53273474515
188 2.0 0.524391978929
189 2.0 0.532161465399
190 2.0 0.524541481545
191 2.0 0.527410948244
192 2.0 0.524544497321
193 2.0 0.530339050415
194 2.0 0.535166715497
195 2.0 0.54216876972
196 2.0 0.545081935328
197 2.0 0.543343031552
198 2.0 0.544606176657
199 2.0 0.549966398484
200 2.0 0.555578460325
201 2.0 0.544413405106
202 2.0 0.555026641942
203 2.0 0.546052529018
204 2.0 0.545229828974
205 2.0 0.547624452559
206 2.0 0.545628166792
207 2.0 0.546431334584
208 2.0 0.550194425144
209 2.0 0.550734551783
210 2.0 0.543678677121
211 2.0 0.538392657968
212 2.0 0.548197810874
213 2.0 0.555038697068
214 2.0 0.560675100129
215 2.0 0.563097009641
216 2.0 0.555111976311
217 2.0 0.548239319812
218 2.0 0.551323858415
219 2.0 0.561538961569
220 2.0 0.562033384252
221 2.0 0.563211115768
222 2.0 0.564923707481
223 2.0 0.57195256904
224 2.0 0.569597128382
225 2.0 0.570147535231
226 2.0 0.561316038941
227 2.0 0.560467151947
228 2.0 0.559515047429
229 2.0 0.560746258562
230 2.0 0.565069246085
231 2.0 0.560805406666
232 2.0 0.556278519541
233 2.0 0.55737151411
234 2.0 0.557548481933
235 2.0 0.56345915495
236 2.0 0.561404175435
237 2.0 0.552418041852
238 2.0 0.545959776857
239 2.0 0.542180312442
240 2.0 0.551521039378
241 2.0 0.570043027451
242 2.0 0.574221965989
243 2.0 0.567202771036
244 2.0 0.563457536171
245 2.0 0.567598216907
246 2.0 0.567909741522
247 2.0 0.555162412073
248 2.0 0.547677989823
249 2.0 0.55594296065
250 2.0 0.560737846747
251 2.0 0.564831481094
252 2.0 0.563365723795
253 2.0 0.56192254122
254 2.0 0.564163873322
255 2.0 0.564522757675
256 2.0 0.563000916758
257 2.0 0.562769156936
258 2.0 0.554710295465
259 2.0 0.542040130787
260 2.0 0.544051414344
261 2.0 0.5525141839
262 2.0 0.552843093223
263 2.0 0.550353778032
264 2.0 0.55529282764
265 2.0 0.541871921282
266 2.0 0.538649556285
267 2.0 0.536624097956
268 2.0 0.54281024528
269 2.0 0.536386039667
270 2.0 0.52947011948
271 2.0 0.523036189256
272 2.0 0.52287784215
273 2.0 0.521361131285
274 2.0 0.521141282167
275 2.0 0.516871104802
276 2.0 0.520602346649
277 2.0 0.521812491999
278 2.0 0.519201999285
279 2.0 0.518077705359
280 2.0 0.512861220475
281 2.0 0.512088598165
282 2.0 0.521634517256
283 2.0 0.523849097466
284 2.0 0.527895508523
285 2.0 0.532919318759
286 2.0 0.532946004734
287 2.0 0.532324969897
288 2.0 0.53724772647
289 2.0 0.539767403169
290 2.0 0.543598610845
291 2.0 0.541595645072
292 2.0 0.539104904885
293 2.0 0.541812131099
294 2.0 0.539579816734
295 2.0 0.541222478968
296 2.0 0.548630472328
297 2.0 0.561254015095
298 2.0 0.550486945807
299 2.0 0.557996875077
300 2.0 0.557925257119
301 2.0 0.560222114473
302 2.0 0.561692654306
303 2.0 0.563158287117
304 2.0 0.560952908247
305 2.0 0.557445479227
306 2.0 0.554540363071
307 2.0 0.553761193668
308 2.0 0.559450863317
309 2.0 0.554242117609
310 2.0 0.558204966386
311 2.0 0.551278453857
312 2.0 0.540052547568
313 2.0 0.543107821407
314 2.0 0.549100354378
315 2.0 0.538517579562
316 2.0 0.541581421808
317 2.0 0.543910790621
318 2.0 0.542556946617
319 2.0 0.535507783464
320 2.0 0.537244325583
321 2.0 0.539008258233
322 2.0 0.545702252448
323 2.0 0.551578231061
324 2.0 0.553593346534
325 2.0 0.549676537831
326 2.0 0.543805343842
327 2.0 0.539370761641
328 2.0 0.5422054839
329 2.0 0.536619649768
