1 0.1 0.0998734453419
2 0.1 0.0998575883052
3 0.1 0.100416170118
4 0.1 0.100491418228
5 0.1 0.0997277018599
6 0.1 0.0996857664493
7 0.1 0.100343719007
8 0.1 0.0997506950447
9 0.1 0.100172364586
10 0.1 0.0983340711202
11 0.1 0.099585605124
12 0.1 0.0999266276509
13 0.1 0.100053038325
14 0.1 0.101693036325
15 0.1 0.100694185445
16 0.1 0.103768941186
17 0.1 0.103878519807
18 0.1 0.103113582373
19 0.1 0.102049290812
20 0.1 0.103772306178
21 0.1 0.10520370417
22 0.1 0.10547503738
23 0.1 0.106546818465
24 0.1 0.105820831977
25 0.1 0.105949928663
26 0.1 0.107041457618
27 0.1 0.106894484157
28 0.1 0.107592594832
29 0.1 0.108526641353
30 0.1 0.107221185461
31 0.1 0.107587119628
32 0.1 0.10926310384
33 0.1 0.108515658166
34 0.1 0.108277493811
35 0.1 0.106690594906
36 0.1 0.10702810862
37 0.1 0.107722891198
38 0.1 0.110525181286
39 0.1 0.110065838603
40 0.1 0.109294276122
41 0.1 0.108396022347
42 0.1 0.106881966876
43 0.1 0.107726822408
44 0.1 0.107891869906
45 0.1 0.107619797853
46 0.1 0.106670461818
47 0.1 0.107804268429
